1.0, 0.0, 0.0, 0.0, 1.0, 0.0, 0.0, 0.0, 1.0, 0.0, 0.0, 0.4, 0 
0.9999999999955973, 0.0, 2.9673758672755927e-06, 0.0, 1.0, 0.0, -2.9673758672755927e-06, 0.0, 0.9999999999955973, 8.562105658304099e-07, 1.25939343277121e-08, 0.40000112285664874, 0 
0.9999999997224679, 0.0, 2.3559800630232365e-05, 0.0, 1.0, 0.0, -2.3559800630232365e-05, 0.0, 0.9999999997224679, 6.798067892156931e-06, 9.999089943754444e-08, 0.40000891497143193, 0 
0.9999999968864519, 0.0, 7.891195196357751e-05, 0.0, 1.0, 0.0, -7.891195196357751e-05, 0.0, 0.9999999968864519, 2.2770493078606947e-05, 3.3491272632181727e-07, 0.40002985946111613, 0 
0.9999999827710302, 0.0, 0.0001856284982520216, 0.0, 1.0, 0.0, -0.0001856284982520216, 0.0, 0.9999999827710302, 5.356790816636074e-05, 7.878318198720968e-07, 0.4000702370333239, 0 
0.9999999352757445, 0.0, 0.000359789531346018, 0.0, 1.0, 0.0, -0.000359789531346018, 0.0, 0.9999999352757445, 0.00010383843797820552, 1.526994229916127e-06, 0.40013612603359405, 0 
0.9999998096826336, 0.0, 0.0006169559923669409, 0.0, 1.0, 0.0, -0.0006169559923669409, 0.0, 0.9999998096826336, 0.00017808896967408736, 2.618442722254758e-06, 0.40023340183425227, 0 
0.9999995274376925, 0.0, 0.0009721750828796589, 0.0, 1.0, 0.0, -0.0009721750828796589, 0.0, 0.9999995274376925, 0.00028069095920173393, 4.126039849698878e-06, 0.4003677356449975, 0 
0.9999989632201266, 0.0, 0.0014399856499007295, 0.0, 1.0, 0.0, -0.0014399856499007295, 0.0, 0.9999989632201266, 0.0004158868780978862, 6.11149102310635e-06, 0.40054459281954724, 0 
0.999997930558311, 0.0, 0.002034423529024305, 0.0, 1.0, 0.0, -0.002034423529024305, 0.0, 0.999997930558311, 0.0005877971981329156, 8.634367582418933e-06, 0.4007692307270994, 0 
0.9999961662378706, 0.0, 0.002769026825627624, 0.0, 1.0, 0.0, -0.002769026825627624, 0.0, 0.9999961662378706, 0.0008004278151515591, 1.1752129867699213e-05, 0.40104669625184103, 0 
0.9999933137341956, 0.0, 0.0036568411098393022, 0.0, 1.0, 0.0, -0.0036568411098393022, 0.0, 0.9999933137341956, 0.0010576778171853122, 1.5520150290167546e-05, 0.401381822978335, 0 
0.99998890588899, 0.0, 0.004710424496867547, 0.0, 1.0, 0.0, -0.004710424496867547, 0.0, 0.99998890588899, 0.0013633475055452459, 1.999173640323897e-05, 0.401779228115399, 0 
0.9999823470381421, 0.0, 0.0059418525805199195, 0.0, 1.0, 0.0, -0.0059418525805199195, 0.0, 0.9999823470381421, 0.0017211465811745933, 2.5218153973560164e-05, 0.4022433092061163, 0 
0.9999728947863086, 0.0, 0.007362723184408354, 0.0, 1.0, 0.0, -0.007362723184408354, 0.0, 0.9999728947863086, 0.002134702412080394, 3.1248650052046334e-05, 0.4027782406669211, 0 
0.999959641612129, 0.0, 0.008984160892510262, 0.0, 1.0, 0.0, -0.008984160892510262, 0.0, 0.999959641612129, 0.002607568301189638, 3.8130476044918216e-05, 0.4033879701943217, 0 
0.9999414964769505, 0.0, 0.01081682131851849, 0.0, 1.0, 0.0, -0.01081682131851849, 0.0, 0.9999414964769505, 0.0031432316775074514, 4.590891078473889e-05, 0.4040762150737941, 0 
0.999917166599339, 0.0, 0.012870895071813182, 0.0, 1.0, 0.0, -0.012870895071813182, 0.0, 0.999917166599339, 0.0037451221370041958, 5.462728360145088e-05, 0.4048464584217131, 0 
0.9998851395475027, 0.0, 0.015156111376965617, 0.0, 1.0, 0.0, -0.015156111376965617, 0.0, 0.9998851395475027, 0.0044166192632344, 6.432699739341288e-05, 0.40570194538791016, 0 
0.9998436657920464, 0.0, 0.017681741303463894, 0.0, 1.0, 0.0, -0.017681741303463894, 0.0, 0.9998436657920464, 0.0051610601612988635, 7.504755169843686e-05, 0.4066456793435635, 0 
0.9997907418522199, 0.0, 0.020456600562845317, 0.0, 1.0, 0.0, -0.020456600562845317, 0.0, 0.9997907418522199, 0.005981746642407611, 8.682656576482498e-05, 0.4076804180766411, 0 
0.9997240941600092, 0.0, 0.023489051831633908, 0.0, 1.0, 0.0, -0.023489051831633908, 0.0, 0.9997240941600092, 0.006881951999985551, 9.969980162240632e-05, 0.40880867001503496, 0 
0.9996411637580421, 0.0, 0.026787006560406442, 0.0, 1.0, 0.0, -0.026787006560406442, 0.0, 0.9996411637580421, 0.007864927321989108, 0.00011370118715357404, 0.4100326904958358, 0 
0.9995390919393281, 0.0, 0.03035792623193027, 0.0, 1.0, 0.0, -0.03035792623193027, 0.0, 0.9995390919393281, 0.008933907287866933, 0.0001288628391643223, 0.41135447809789283, 0 
0.9994147069293041, 0.0, 0.03420882303460965, 0.0, 1.0, 0.0, -0.03420882303460965, 0.0, 0.9994147069293041, 0.010092115402403241, 0.000145215086455283, 0.41277577105387403, 0 
0.9992645117035026, 0.0, 0.038346259921413085, 0.0, 1.0, 0.0, -0.038346259921413085, 0.0, 0.9992645117035026, 0.011342768622527167, 0.00016278649289276298, 0.4142980437574649, 0 
0.9990846730273649, 0.0, 0.04277635002899738, 0.0, 1.0, 0.0, -0.04277635002899738, 0.0, 0.9990846730273649, 0.012689081337051607, 0.0001816038804797806, 0.4159225033811038, 0 
0.9988710117982624, 0.0, 0.04750475543685499, 0.0, 1.0, 0.0, -0.04750475543685499, 0.0, 0.9988710117982624, 0.014134268663225282, 0.00020169235242710305, 0.4176500866197216, 0 
0.9986189947636377, 0.0, 0.052536685251943605, 0.0, 1.0, 0.0, -0.052536685251943605, 0.0, 0.9986189947636377, 0.015681549027933752, 0.00022307531622428305, 0.4194814565763096, 0 
0.9983237276832936, 0.0, 0.05787689301036392, 0.0, 1.0, 0.0, -0.05787689301036392, 0.0, 0.9983237276832936, 0.017334146005373974, 0.0002457745067106959, 0.42141699980575353, 0 
0.9979799499982095, 0.0, 0.06352967339418002, 0.0, 1.0, 0.0, -0.06352967339418002, 0.0, 0.9979799499982095, 0.019095289387048294, 0.0002698100091465762, 0.4234568235342116, 0 
0.9975820310628056, 0.0, 0.06949885826837376, 0.0, 1.0, 0.0, -0.06949885826837376, 0.0, 0.9975820310628056, 0.02096821546397912, 0.0002952002822840549, 0.4256007530723487, 0 
0.9971239679922722, 0.0, 0.07578781205013217, 0.0, 1.0, 0.0, -0.07578781205013217, 0.0, 0.9971239679922722, 0.02295616650513227, 0.00032196218143819657, 0.4278483294419367, 0 
0.9965993851713868, 0.0, 0.08239942643012686, 0.0, 1.0, 0.0, -0.08239942643012686, 0.0, 0.9965993851713868, 0.0250623894201549, 0.0003501109815580356, 0.4301988072366557, 0 
0.9960015354661103, 0.0, 0.08933611447309907, 0.0, 1.0, 0.0, -0.08933611447309907, 0.0, 0.9960015354661103, 0.027290133598684756, 0.0003796604002976141, 0.43265115273934424, 0 
0.9953233031741475, 0.0, 0.09659980413284483, 0.0, 1.0, 0.0, -0.09659980413284483, 0.0, 0.9953233031741475, 0.02964264792266391, 0.00041062262108701756, 0.43520404231942017, 0 
0.9945572087455293, 0.0, 0.10419193122455149, 0.0, 1.0, 0.0, -0.10419193122455149, 0.0, 0.9945572087455293, 0.0321231769522987, 0.0004430083162034133, 0.43785586113568675, 0 
0.9936954152990835, 0.0, 0.11211343190528986, 0.0, 1.0, 0.0, -0.11211343190528986, 0.0, 0.9936954152990835, 0.03473495629053607, 0.0004768266698420856, 0.4406047021712106, 0 
0.9927297369553701, 0.0, 0.12036473472126949, 0.0, 1.0, 0.0, -0.12036473472126949, 0.0, 0.9927297369553701, 0.037481207135181716, 0.0005120854011874749, 0.44344836562838746, 0 
0.9916516490012237, 0.0, 0.12894575228813757, 0.0, 1.0, 0.0, -0.12894575228813757, 0.0, 0.9916516490012237, 0.04036513003205466, 0.0005487907874842125, 0.44638435871364324, 0 
0.9904522998954374, 0.0, 0.13785587267809268, 0.0, 1.0, 0.0, -0.13785587267809268, 0.0, 0.9904522998954374, 0.04338989784685566, 0.0005869476871081587, 0.44940989584243923, 0 
0.9891225251193142, 0.0, 0.14709395059482125, 0.0, 1.0, 0.0, -0.14709395059482125, 0.0, 0.9891225251193142, 0.04655864797771469, 0.0006265595626374396, 0.45252189929630804, 0 
0.9876528628697631, 0.0, 0.15665829842418513, 0.0, 1.0, 0.0, -0.15665829842418513, 0.0, 0.9876528628697631, 0.049874473834666665, 0.0006676285039234836, 0.45571700036452284, 0 
0.9860335715863201, 0.0, 0.16654667725513295, 0.0, 1.0, 0.0, -0.16654667725513295, 0.0, 0.9860335715863201, 0.05334041561657634, 0.0007101552511620592, 0.4589915410036617, 0 
0.984254649296903, 0.0, 0.17675628797140605, 0.0, 1.0, 0.0, -0.17675628797140605, 0.0, 0.984254649296903, 0.056959450420280104, 0.0007541392179643108, 0.4623415760487391, 0 
0.9823058547602542, 0.0, 0.18728376252020984, 0.0, 1.0, 0.0, -0.18728376252020984, 0.0, 0.9823058547602542, 0.06073448172092058, 0.0007995785144277971, 0.4657628760097195, 0 
0.9801767303758867, 0.0, 0.19812515546905282, 0.0, 1.0, 0.0, -0.19812515546905282, 0.0, 0.9801767303758867, 0.06466832826660476, 0.0008464699702075258, 0.46925093048707006, 0 
0.9778566268249139, 0.0, 0.20927593596637223, 0.0, 1.0, 0.0, -0.20927593596637223, 0.0, 0.9778566268249139, 0.06876371243460272, 0.000894809157586993, 0.47280095223953766, 0 
0.9753347293974414, 0.0, 0.22073098022529564, 0.0, 1.0, 0.0, -0.22073098022529564, 0.0, 0.9753347293974414, 0.07302324810029578, 0.0009445904145492184, 0.4764078819365226, 0 
0.972600085954218, 0.0, 0.23248456465289846, 0.0, 1.0, 0.0, -0.23248456465289846, 0.0, 0.972600085954218, 0.07744942807397118, 0.0009958068678477831, 0.4800663936262589, 0 
0.9696416364620289, 0.0, 0.24453035974953793, 0.0, 1.0, 0.0, -0.24453035974953793, 0.0, 0.9696416364620289, 0.08204461116430968, 0.001048450456077866, 0.4837709009494817, 0 
0.966448244033876, 0.0, 0.2568614249042423, 0.0, 1.0, 0.0, -0.2568614249042423, 0.0, 0.966448244033876, 0.08681100893100895, 0.0011025119527472817, 0.4875155641263544, 0 
0.9630087273963753, 0.0, 0.26947020421266177, 0.0, 1.0, 0.0, -0.26947020421266177, 0.0, 0.9630087273963753, 0.09175067219239665, 0.001157980989347516, 0.49129429774214495, 0 
0.9593118946980483, 0.0, 0.2823485234437052, 0.0, 1.0, 0.0, -0.2823485234437052, 0.0, 0.9593118946980483, 0.09686547735709156, 0.0012148460784247638, 0.4951007793544686, 0 
0.9553465785633328, 0.0, 0.2954875882796666, 0.0, 1.0, 0.0, -0.2954875882796666, 0.0, 0.9553465785633328, 0.10215711265173623, 0.001273094636650965, 0.498928458941861, 0 
0.9511016722882625, 0.0, 0.30887798395235383, 0.0, 1.0, 0.0, -0.30887798395235383, 0.0, 0.9511016722882625, 0.1076270643195249, 0.0013327130078948444, 0.502770569210018, 0 
0.9465661670649053, 0.0, 0.32250967639445155, 0.0, 1.0, 0.0, -0.32250967639445155, 0.0, 0.9465661670649053, 0.11327660286665492, 0.0013936864862929433, 0.5066201367682404, 0 
0.9417291901128821, 0.0, 0.33637201502107017, 0.0, 1.0, 0.0, -0.33637201502107017, 0.0, 0.9417291901128821, 0.11910676943591317, 0.001455999339320663, 0.5104699941844725, 0 
0.9365800435876881, 0.0, 0.3504537372511303, 0.0, 1.0, 0.0, -0.3504537372511303, 0.0, 0.9365800435876881, 0.12511836238833313, 0.0015196348308632952, 0.5143127929228345, 0 
0.9311082441271654, 0.0, 0.3647429748719322, 0.0, 1.0, 0.0, -0.3647429748719322, 0.0, 0.9311082441271654, 0.13131192417520876, 0.0015845752442870643, 0.5181410171627523, 0 
0.9253035628894325, 0.0, 0.37922726234294124, 0.0, 1.0, 0.0, -0.37922726234294124, 0.0, 0.9253035628894325, 0.13768772858368372, 0.0016508019055101618, 0.5219469984936917, 0 
0.9191560659279167, 0.0, 0.39389354712652425, 0.0, 1.0, 0.0, -0.39389354712652425, 0.0, 0.9191560659279167, 0.14424576843963816, 0.0017182952060737805, 0.5257229314741625, 0 
0.9126561547419656, 0.0, 0.40872820212411237, 0.0, 1.0, 0.0, -0.40872820212411237, 0.0, 0.9126561547419656, 0.15098574385163774, 0.0017870346262131602, 0.5294608900380784, 0 
0.9057946068349144, 0.0, 0.423717040286065, 0.0, 1.0, 0.0, -0.423717040286065, 0.0, 0.9057946068349144, 0.157907051079263, 0.0018569987579286132, 0.5331528447258006, 0 
0.8985626161055194, 0.0, 0.43884533145244364, 0.0, 1.0, 0.0, -0.43884533145244364, 0.0, 0.8985626161055194, 0.16500877210820125, 0.0019281653280565695, 0.5367906807112767, 0 
0.8909518328934608, 0.0, 0.45409782146998096, 0.0, 1.0, 0.0, -0.45409782146998096, 0.0, 0.8909518328934608, 0.17228966501301385, 0.002000511221340611, 0.5403662165906813, 0 
0.8829544034952068, 0.0, 0.46945875361784817, 0.0, 1.0, 0.0, -0.46945875361784817, 0.0, 0.8829544034952068, 0.1797481551865023, 0.002074012503502509, 0.543871223891885, 0 
0.8745630089630231, 0.0, 0.48491189236143023, 0.0, 1.0, 0.0, -0.48491189236143023, 0.0, 0.8745630089630231, 0.1873823275120579, 0.0021486444443132597, 0.547297447258001, 0 
0.8657709029973761, 0.0, 0.5004405494392995, 0.0, 1.0, 0.0, -0.5004405494392995, 0.0, 0.8657709029973761, 0.19518991955229414, 0.0022243815406641225, 0.5506366252522252, 0 
0.8565719487414776, 0.0, 0.5160276122740212, 0.0, 1.0, 0.0, -0.5160276122740212, 0.0, 0.8565719487414776, 0.20316831582363126, 0.002301197539637655, 0.5538805117252386, 0 
0.846960654286316, 0.0, 0.5316555746824212, 0.0, 1.0, 0.0, -0.5316555746824212, 0.0, 0.846960654286316, 0.21131454322232182, 0.0023790654615787566, 0.5570208976806506, 0 
0.8369322066952927, 0.0, 0.547306569845592, 0.0, 1.0, 0.0, -0.547306569845592, 0.0, 0.8369322066952927, 0.2196252676626855, 0.0024579576231656937, 0.5600496335683771, 0 
0.8264825043595321, 0.0, 0.5629624054833468, 0.0, 1.0, 0.0, -0.5629624054833468, 0.0, 0.8264825043595321, 0.22809679198309274, 0.002537845660481148, 0.5629586519305132, 0 
0.8156081874981619, 0.0, 0.578604601162109, 0.0, 1.0, 0.0, -0.578604601162109, 0.0, 0.8156081874981619, 0.23672505516947542, 0.0026187005520832453, 0.5657399903192495, 0 
0.8043066666223343, 0.0, 0.5942144276495389, 0.0, 1.0, 0.0, -0.5942144276495389, 0.0, 0.8043066666223343, 0.24550563293992764, 0.0027004926420765973, 0.5683858144017314, 0 
0.7925761487875406, 0.0, 0.6097729482136037, 0.0, 1.0, 0.0, -0.6097729482136037, 0.0, 0.7925761487875406, 0.2544337397272697, 0.0027831916631833415, 0.5708884411625306, 0 
0.7804156614658478, 0.0, 0.6252610617484693, 0.0, 1.0, 0.0, -0.6252610617484693, 0.0, 0.7804156614658478, 0.26350423208934814, 0.0028667667598141627, 0.5732403621106378, 0 
0.7678250738780449, 0.0, 0.6406595475946447, 0.0, 1.0, 0.0, -0.6406595475946447, 0.0, 0.7678250738780449, 0.2727116135693696, 0.002951186511139353, 0.5754342663946426, 0 
0.7548051156353462, 0.0, 0.6559491119063365, 0.0, 1.0, 0.0, -0.6559491119063365, 0.0, 0.7548051156353462, 0.2820500410207337, 0.0030364189541598288, 0.5774630637270775, 0 
0.7413573925511724, 0.0, 0.6711104354051775, 0.0, 1.0, 0.0, -0.6711104354051775, 0.0, 0.7413573925511724, 0.29151333240273763, 0.0031224316067781778, 0.5793199070168178, 0 
0.7274843994956317, 0.0, 0.6861242223464203, 0.0, 1.0, 0.0, -0.6861242223464203, 0.0, 0.7274843994956317, 0.30109497604517027, 0.003209191490869694, 0.5809982146069799, 0 
0.7131895301785635, 0.0, 0.700971250511517, 0.0, 1.0, 0.0, -0.700971250511517, 0.0, 0.7131895301785635, 0.31078814137129634, 0.0032966651553534153, 0.5824916920149682, 0 
0.698477083761326, 0.0, 0.715632422029825, 0.0, 1.0, 0.0, -0.715632422029825, 0.0, 0.698477083761326, 0.32058569106008344, 0.0033848186992631573, 0.5837943530712286, 0 
0.6833522682128307, 0.0, 0.7300888148221281, 0.0, 1.0, 0.0, -0.7300888148221281, 0.0, 0.6833522682128307, 0.3304801946198279, 0.003473617794818553, 0.5849005403538801, 0 
0.6678212003415598, 0.0, 0.7443217344497998, 0.0, 1.0, 0.0, -0.7443217344497998, 0.0, 0.6678212003415598, 0.3404639433366371, 0.0035630277104960893, 0.5858049448177259, 0 
0.6518909024523373, 0.0, 0.7583127661459204, 0.0, 1.0, 0.0, -0.7583127661459204, 0.0, 0.6518909024523373, 0.35052896655260785, 0.0036530133341001482, 0.5865026245182228, 0 
0.6355692955943604, 0.0, 0.7720438267985106, 0.0, 1.0, 0.0, -0.7720438267985106, 0.0, 0.6355692955943604, 0.36066704922006104, 0.0037435391958340267, 0.5869890223337676, 0 
0.6188651893852886, 0.0, 0.7854972166514093, 0.0, 1.0, 0.0, -0.7854972166514093, 0.0, 0.6188651893852886, 0.3708697506699264, 0.003834569491371001, 0.5872599825931955, 0 
0.601788268414955, 0.0, 0.7986556704851785, 0.0, 1.0, 0.0, -0.7986556704851785, 0.0, 0.601788268414955, 0.38112842452436807, 0.00392606810492534, 0.5873117665196002, 0 
0.5843490752512898, 0.0, 0.811502408038918, 0.0, 1.0, 0.0, -0.811502408038918, 0.0, 0.5843490752512898, 0.3914342396761106, 0.004017998632323354, 0.5871410664065142, 0 
0.5665589900902712, 0.0, 0.8240211834339527, 0.0, 1.0, 0.0, -0.8240211834339527, 0.0, 0.5665589900902712, 0.4017782022496634, 0.0041103244040744304, 0.586745018448062, 0 
0.548430207110944, 0.0, 0.836196333362116, 0.0, 1.0, 0.0, -0.836196333362116, 0.0, 0.548430207110944, 0.412151178452891, 0.0042030085084420596, 0.5861212141509116, 0 
0.5299757076156222, 0.0, 0.8480128238047586, 0.0, 1.0, 0.0, -0.8480128238047586, 0.0, 0.5299757076156222, 0.4225439182211237, 0.004296013814514894, 0.585267710262647, 0 
0.5112092300542138, 0.0, 0.8594562950536682, 0.0, 1.0, 0.0, -0.8594562950536682, 0.0, 0.5112092300542138, 0.43294707955035333, 0.004389302995277764, 0.5841830371585237, 0 
0.4921452370499455, 0.0, 0.8705131048117846, 0.0, 1.0, 0.0, -0.8705131048117846, 0.0, 0.4921452370499455, 0.44335125341104425, 0.004482838550682726, 0.5828662056363987, 0 
0.4727988795615574, 0.0, 0.8811703691598668, 0.0, 1.0, 0.0, -0.8811703691598668, 0.0, 0.4727988795615574, 0.4537469891297476, 0.004576582830720092, 0.5813167120778895, 0 
0.4531859583340584, 0.0, 0.8914160011851039, 0.0, 1.0, 0.0, -0.8914160011851039, 0.0, 0.4531859583340584, 0.46412482012210143, 0.0046704980584894775, 0.57953454194245, 0 
0.4333228828063127, 0.0, 0.901238747078945, 0.0, 1.0, 0.0, -0.901238747078945, 0.0, 0.4333228828063127, 0.4744752898579355, 0.004764546353270828, 0.5775201715699874, 0 
0.4132266276588663, 0.0, 0.9106282195241264, 0.0, 1.0, 0.0, -0.9106282195241264, 0.0, 0.4132266276588663, 0.48478897793713466, 0.004858689753595459, 0.5752745682768229, 0 
0.39291468719943956, 0.0, 0.9195749282048563, 0.0, 1.0, 0.0, -0.9195749282048563, 0.0, 0.39291468719943956, 0.49505652615364487, 0.004952890240317094, 0.5727991887391306, 0 
0.37240502779627227, 0.0, 0.9280703072893011, 0.0, 1.0, 0.0, -0.9280703072893011, 0.0, 0.37240502779627227, 0.5052686644245591, 0.005047109759682905, 0.5700959756674181, 0 
0.3517160385809086, 0.0, 0.9361067397497749, 0.0, 1.0, 0.0, -0.9361067397497749, 0.0, 0.3517160385809086, 0.5154162364615975, 0.005141310246404545, 0.5671673527850533, 0 
0.3308664806519428, 0.0, 0.9436775784032371, 0.0, 1.0, 0.0, -0.9436775784032371, 0.0, 0.3308664806519428, 0.5254902250635016, 0.005235453646729174, 0.5640162181332198, 0 
0.30987543501964565, 0.0, 0.9507771635727192, 0.0, 1.0, 0.0, -0.9507771635727192, 0.0, 0.30987543501964565, 0.5354817769098793, 0.005329501941510525, 0.5606459357339205, 0 
0.28876224953821605, 0.0, 0.9574008372889743, 0.0, 1.0, 0.0, -0.9574008372889743, 0.0, 0.28876224953821605, 0.5453822267398465, 0.00542341716927991, 0.5570603256516868, 0 
0.26754648507749135, 0.0, 0.9635449539708459, 0.0, 1.0, 0.0, -0.9635449539708459, 0.0, 0.26754648507749135, 0.5551831208024282, 0.0055171614493172766, 0.5532636525033852, 0 
0.24624786118942665, 0.0, 0.9692068875424034, 0.0, 1.0, 0.0, -0.9692068875424034, 0.0, 0.24624786118942665, 0.5648762394699975, 0.005610697004722239, 0.549260612473912, 0 
0.22488620152635264, 0.0, 0.9743850349646431, 0.0, 1.0, 0.0, -0.9743850349646431, 0.0, 0.22488620152635264, 0.5744536189111011, 0.005703986185485106, 0.5450563189035353, 0 
0.20348137926798815, 0.0, 0.9790788161793703, 0.0, 1.0, 0.0, -0.9790788161793703, 0.0, 0.20348137926798815, 0.5839075717247374, 0.005796991491557941, 0.5406562865201288, 0 
0.18205326281247936, 0.0, 0.9832886704825446, 0.0, 1.0, 0.0, -0.9832886704825446, 0.0, 0.18205326281247936, 0.5932307064444834, 0.005889675595925571, 0.536066414396492, 0 
0.160621661983256, 0.0, 0.9870160493638068, 0.0, 1.0, 0.0, -0.9870160493638068, 0.0, 0.160621661983256, 0.6024159458277836, 0.00598200136767665, 0.5312929677193066, 0 
0.13920627499843385, 0.0, 0.9902634058678834, 0.0, 1.0, 0.0, -0.9902634058678834, 0.0, 0.13920627499843385, 0.6114565438531121, 0.006073931895074661, 0.5263425584619914, 0 
0.11782663644273572, 0.0, 0.9930341805520047, 0.0, 1.0, 0.0, -0.9930341805520047, 0.0, 0.11782663644273572, 0.6203461013555902, 0.006165430508629002, 0.521222125058755, 0 
0.09650206647371062, 0.0, 0.9953327841311687, 0.0, 1.0, 0.0, -0.9953327841311687, 0.0, 0.09650206647371062, 0.6290785802398544, 0.006256460804165972, 0.5159389111814695, 0 
0.07525162148424258, 0.0, 0.9971645769199747, 0.0, 1.0, 0.0, -0.9971645769199747, 0.0, 0.07525162148424258, 0.637648316217542, 0.006346986665899857, 0.5105004437245637, 0 
0.05409404643232918, 0.0, 0.998535845195643, 0.0, 1.0, 0.0, -0.998535845195643, 0.0, 0.05409404643232918, 0.6460500300255164, 0.006436972289503913, 0.5049145101059638, 0 
0.03304772903667552, 0.0, 0.9994537746216773, 0.0, 1.0, 0.0, -0.9994537746216773, 0.0, 0.03304772903667552, 0.654278837089943, 0.006526382205181447, 0.4991891349941436, 0 
0.012130656023204955, 0.0, 0.9999264208852803, 0.0, 1.0, 0.0, -0.9999264208852803, 0.0, 0.012130656023204955, 0.6623302556103495, 0.006615181300736845, 0.4933325565726288, 0 
-0.008639628407001165, 0.0, 0.9999626777140179, 0.0, 1.0, 0.0, -0.9999626777140179, 0.0, -0.008639628407001165, 0.6702002130469011, 0.006703334844646583, 0.4873532024537789, 0 
-0.029246061733284145, 0.0, 0.9995722424482849, 0.0, 1.0, 0.0, -0.9995722424482849, 0.0, -0.029246061733284145, 0.677885051003164, 0.006790808509130309, 0.4812596653533934, 0 
-0.04967209975565434, 0.0, 0.9987655793557687, 0.0, 1.0, 0.0, -0.9987655793557687, 0.0, -0.04967209975565434, 0.6853815285055376, 0.006877568393221827, 0.4750606786366646, 0 
-0.06990175059778458, 0.0, 0.9975538808823136, 0.0, 1.0, 0.0, -0.9975538808823136, 0.0, -0.06990175059778458, 0.6926868236893148, 0.00696358104584017, 0.46876509184421783, 0 
-0.08991960596814752, 0.0, 0.9959490270403064, 0.0, 1.0, 0.0, -0.9959490270403064, 0.0, -0.08991960596814752, 0.6997985339098212, 0.0070488134888606465, 0.4623818463045231, 0 
-0.10971086959244247, 0.0, 0.9939635431409294, 0.0, 1.0, 0.0, -0.9939635431409294, 0.0, -0.10971086959244247, 0.706714674305304, 0.007133233240185838, 0.4559199509358259, 0 
-0.12926138274843546, 0.0, 0.9916105560803407, 0.0, 1.0, 0.0, -0.9916105560803407, 0.0, -0.12926138274843546, 0.7134336748461229, 0.007216808336816662, 0.4493884583369516, 0 
-0.14855764685232664, 0.0, 0.9889037493920727, 0.0, 1.0, 0.0, -0.9889037493920727, 0.0, -0.14855764685232664, 0.7199543759122368, 0.007299507357923399, 0.4427964412620028, 0 
-0.16758684306375482, 0.0, 0.9858573172786843, 0.0, 1.0, 0.0, -0.9858573172786843, 0.0, -0.16758684306375482, 0.7262760224480154, 0.007381299447916759, 0.4361529695690474, 0 
-0.18633684889429913, 0.0, 0.9824859178350309, 0.0, 1.0, 0.0, -0.9824859178350309, 0.0, -0.18633684889429913, 0.7323982567499184, 0.007462154339518849, 0.42946708772752995, 0 
-0.20479625182189598, 0.0, 0.9788046256734295, 0.0, 1.0, 0.0, -0.9788046256734295, 0.0, -0.20479625182189598, 0.7383211099486339, 0.007542042376834309, 0.4227477929632729, 0 
-0.22295435993047774, 0.0, 0.9748288841576203, 0.0, 1.0, 0.0, -0.9748288841576203, 0.0, -0.22295435993047774, 0.7440449922526775, 0.007620934538421244, 0.41600401411379173, 0 
-0.24080120961081075, 0.0, 0.9705744574477376, 0.0, 1.0, 0.0, -0.9705744574477376, 0.0, -0.24080120961081075, 0.749570682025418, 0.007698802460362344, 0.40924459126005985, 0 
-0.25832757037419496, 0.0, 0.9660573825526957, 0.0, 1.0, 0.0, -0.9660573825526957, 0.0, -0.25832757037419496, 0.7548993137717428, 0.007775618459335881, 0.40247825619413574, 0 
-0.27552494684589646, 0.0, 0.9612939215794334, 0.0, 1.0, 0.0, -0.9612939215794334, 0.0, -0.27552494684589646, 0.7600323651143367, 0.007851355555686744, 0.39571361377504466, 0 
-0.2923855780194189, 0.0, 0.9563005143605489, 0.0, 1.0, 0.0, -0.9563005143605489, 0.0, -0.2923855780194189, 0.7649716428426385, 0.007925987496497495, 0.38895912421820167, 0 
-0.3089024338660882, 0.0, 0.9510937316330116, 0.0, 1.0, 0.0, -0.9510937316330116, 0.0, -0.3089024338660882, 0.7697192681200544, 0.007999488778659391, 0.38222308635646457, 0 
-0.32506920940685635, 0.0, 0.9456902289310181, 0.0, 1.0, 0.0, -0.9456902289310181, 0.0, -0.32506920940685635, 0.7742776609369323, 0.008071834671943435, 0.37551362190367116, 0 
-0.3408803163646017, 0.0, 0.9401067013457404, 0.0, 1.0, 0.0, -0.9401067013457404, 0.0, -0.3408803163646017, 0.7786495238981267, 0.008143001242071395, 0.36883866074433613, 0 
-0.35633087252553697, 0.0, 0.9343598392938288, 0.0, 1.0, 0.0, -0.9343598392938288, 0.0, -0.35633087252553697, 0.7828378254347563, 0.008212965373786841, 0.3622059272660765, 0 
-0.3714166889475894, 0.0, 0.9284662854251681, 0.0, 1.0, 0.0, -0.9284662854251681, 0.0, -0.3714166889475894, 0.7868457825299725, 0.008281704793926214, 0.3556229277443684, 0 
-0.38613425516168753, 0.0, 0.9224425927886942, 0.0, 1.0, 0.0, -0.9224425927886942, 0.0, -0.38613425516168753, 0.7906768430482454, 0.008349198094489843, 0.34909693878248405, 0 
-0.40048072251891953, 0.0, 0.916305184363116, 0.0, 1.0, 0.0, -0.916305184363116, 0.0, -0.40048072251891953, 0.7943346677568754, 0.008415424755712934, 0.3426349968028995, 0 
-0.41445388584240384, 0.0, 0.9100703140472892, 0.0, 1.0, 0.0, -0.9100703140472892, 0.0, -0.41445388584240384, 0.7978231121271759, 0.008480365169136708, 0.3362438885801994, 0 
-0.4280521635473533, 0.0, 0.9037540291929159, 0.0, 1.0, 0.0, -0.9037540291929159, 0.0, -0.4280521635473533, 0.8011462080010435, 0.008544000660679342, 0.32993014279958444, 0 
-0.4412745763965573, 0.0, 0.8973721347501487, 0.0, 1.0, 0.0, -0.8973721347501487, 0.0, -0.4412745763965573, 0.8043081452065557, 0.00860631351370706, 0.32370002261944303, 0 
-0.4541207250609567, 0.0, 0.8909401590848349, 0.0, 1.0, 0.0, -0.8909401590848349, 0.0, -0.4541207250609567, 0.8073132532037526, 0.008667286992105158, 0.31755951921125175, 0 
-0.4665907666564888, 0.0, 0.8844733215145102, 0.0, 1.0, 0.0, -0.8844733215145102, 0.0, -0.4665907666564888, 0.8101659828389673, 0.008726905363349038, 0.31151434624524077, 0 
-0.47868539042885194, 0.0, 0.8779865015989582, 0.0, 1.0, 0.0, -0.8779865015989582, 0.0, -0.47868539042885194, 0.8128708882829923, 0.008785153921575237, 0.30556993528584786, 0 
-0.49040579275730667, 0.0, 0.8714942102103018, 0.0, 1.0, 0.0, -0.8714942102103018, 0.0, -0.49040579275730667, 0.8154326092250334, 0.008842019010652482, 0.29973143205703545, 0 
-0.5017536516471539, 0.0, 0.8650105623972153, 0.0, 1.0, 0.0, -0.8650105623972153, 0.0, -0.5017536516471539, 0.81785585339086, 0.008897488047252709, 0.29400369353404177, 0 
-0.5127311008782369, 0.0, 0.8585492520480064, 0.0, 1.0, 0.0, -0.8585492520480064, 0.0, -0.5127311008782369, 0.8201453794498381, 0.008951549543922133, 0.28839128581507734, 0 
-0.5233407039735809, 0.0, 0.8521235283481126, 0.0, 1.0, 0.0, -0.8521235283481126, 0.0, -0.5233407039735809, 0.8223059803716668, 0.009004193132152226, 0.28289848272392704, 0 
-0.5335854281484154, 0.0, 0.8457461740189383, 0.0, 1.0, 0.0, -0.8457461740189383, 0.0, -0.5335854281484154, 0.8243424672896795, 0.009055409585450779, 0.2775292650922745, 0 
-0.5434686183951158, 0.0, 0.8394294853170835, 0.0, 1.0, 0.0, -0.8394294853170835, 0.0, -0.5434686183951158, 0.8262596539235236, 0.009105190842413007, 0.27228732066894085, 0 
-0.5529939718542414, 0.0, 0.833185253765854, 0.0, 1.0, 0.0, -0.833185253765854, 0.0, -0.5529939718542414, 0.8280623416099328, 0.009153530029792476, 0.26717604460207134, 0 
-0.5621655126160521, 0.0, 0.8270247495843952, 0.0, 1.0, 0.0, -0.8270247495843952, 0.0, -0.5621655126160521, 0.8297553049862239, 0.009200421485572204, 0.2621985404394922, 0 
-0.5709875670902829, 0.0, 0.8209587067741713, 0.0, 1.0, 0.0, -0.8209587067741713, 0.0, -0.5709875670902829, 0.8313432783670389, 0.009245860782035686, 0.25735762159224446, 0 
-0.5794647400750863, 0.0, 0.8149973098174697, 0.0, 1.0, 0.0, -0.8149973098174697, 0.0, -0.5794647400750863, 0.8328309428507853, 0.009289844748837943, 0.25265581320637076, 0 
-0.5876018916486303, 0.0, 0.8091501819384034, 0.0, 1.0, 0.0, -0.8091501819384034, 0.0, -0.5876018916486303, 0.8342229141882146, 0.009332371496076521, 0.24809535438858304, 0 
-0.5954041149991112, 0.0, 0.8034263748733453, 0.0, 1.0, 0.0, -0.8034263748733453, 0.0, -0.5954041149991112, 0.8355237314416307, 0.009373440437362563, 0.24367820073232999, 0 
-0.602876715300805, 0.0, 0.797834360094946, 0.0, 1.0, 0.0, -0.797834360094946, 0.0, -0.602876715300805, 0.8367378464593392, 0.009413052312891832, 0.23940602709207698, 0 
-0.6100251897354423, 0.0, 0.7923820214317318, 0.0, 1.0, 0.0, -0.7923820214317318, 0.0, -0.6100251897354423, 0.8378696141861686, 0.00945120921251578, 0.2352802305552024, 0 
-0.6168552087495502, 0.0, 0.7870766490238095, 0.0, 1.0, 0.0, -0.7870766490238095, 0.0, -0.6168552087495502, 0.8389232838272052, 0.009487914598812526, 0.23130193356285175, 0 
-0.6233725986296377, 0.0, 0.7819249345542911, 0.0, 1.0, 0.0, -0.7819249345542911, 0.0, -0.6233725986296377, 0.8399029908782981, 0.009523173330157918, 0.22747198713327343, 0 
-0.6295833254681229, 0.0, 0.7769329676957334, 0.0, 1.0, 0.0, -0.7769329676957334, 0.0, -0.6295833254681229, 0.8408127500334024, 0.009556991683796574, 0.22379097414363117, 0 
-0.6354934805838066, 0.0, 0.7721062337110607, 0.0, 1.0, 0.0, -0.7721062337110607, 0.0, -0.6354934805838066, 0.8416564489754418, 0.009589377378912984, 0.22025921262897882, 0 
-0.641109267451514, 0.0, 0.7674496121490864, 0.0, 1.0, 0.0, -0.7674496121490864, 0.0, -0.641109267451514, 0.8424378430540764, 0.009620339599702389, 0.21687675905997578, 0 
-0.6464369901864067, 0.0, 0.7629673765756564, 0.0, 1.0, 0.0, -0.7629673765756564, 0.0, -0.6464369901864067, 0.8431605508505793, 0.009649889018441967, 0.21364341156389613, 0 
-0.6514830436190322, 0.0, 0.7586631952829148, 0.0, 1.0, 0.0, -0.7586631952829148, 0.0, -0.6514830436190322, 0.8438280506268778, 0.009678037818561799, 0.21055871305676946, 0 
-0.6562539049880667, 0.0, 0.7545401329206508, 0.0, 1.0, 0.0, -0.7545401329206508, 0.0, -0.6562539049880667, 0.8444436776527887, 0.009704799717715935, 0.20762195425766505, 0 
-0.6607561272683529, 0.0, 0.7506006529955382, 0.0, 1.0, 0.0, -0.7506006529955382, 0.0, -0.6607561272683529, 0.845010622402474, 0.009730189990853417, 0.20483217655954078, 0 
-0.6649963341426544, 0.0, 0.746846621185924, 0.0, 1.0, 0.0, -0.746846621185924, 0.0, -0.6649963341426544, 0.8455319296082009, 0.009754225493289317, 0.2021881747344157, 0 
-0.6689812166163469, 0.0, 0.7432793094217761, 0.0, 1.0, 0.0, -0.7432793094217761, 0.0, -0.6689812166163469, 0.8460104981565663, 0.009776924683775707, 0.1996884994540256, 0 
-0.6727175312652101, 0.0, 0.7398994006812284, 0.0, 1.0, 0.0, -0.7398994006812284, 0.0, -0.6727175312652101, 0.8464490818094604, 0.009798307647572897, 0.19733145961042428, 0 
-0.6762121000972785, 0.0, 0.7367069944571099, 0.0, 1.0, 0.0, -0.7367069944571099, 0.0, -0.6762121000972785, 0.8468502907291066, 0.00981839611952021, 0.19511512442438464, 0 
-0.6794718120010357, 0.0, 0.7337016128481858, 0.0, 1.0, 0.0, -0.7337016128481858, 0.0, -0.6794718120010357, 0.8472165937836311, 0.009837213507107227, 0.1930373253324679, 0 
-0.6825036257430921, 0.0, 0.7308822072314617, 0.0, 1.0, 0.0, -0.7308822072314617, 0.0, -0.6825036257430921, 0.8475503216066187, 0.00985478491354471, 0.19109565764687667, 0 
-0.6853145744699831, 0.0, 0.7282471654727026, 0.0, 1.0, 0.0, -0.7282471654727026, 0.0, -0.6853145744699831, 0.8478536703811266, 0.009871137160835675, 0.18928748198497164, 0 
-0.6879117716599719, 0.0, 0.7257943196330754, 0.0, 1.0, 0.0, -0.7257943196330754, 0.0, -0.6879117716599719, 0.8481287063155323, 0.00988629881284643, 0.18760992546813293, 0 
-0.6903024184623292, 0.0, 0.7235209541299127, 0.0, 1.0, 0.0, -0.7235209541299127, 0.0, -0.6903024184623292, 0.848377370775438, 0.00990030019837759, 0.18605988269212162, 0 
-0.692493812353224, 0.0, 0.7214238143092435, 0.0, 1.0, 0.0, -0.7214238143092435, 0.0, -0.692493812353224, 0.8486014860325923, 0.009913173434235194, 0.18463401647335503, 0 
-0.6944933570291081, 0.0, 0.7194991153868362, 0.0, 1.0, 0.0, -0.7194991153868362, 0.0, -0.6944933570291081, 0.8488027615884114, 0.009924952448301574, 0.18332875837756202, 0 
-0.6963085734506258, 0.0, 0.7177425517127674, 0.0, 1.0, 0.0, -0.7177425517127674, 0.0, -0.6963085734506258, 0.8489828010262119, 0.009935673002606591, 0.18214030903888645, 0 
-0.6979471119420104, 0.0, 0.7161493063124523, 0.0, 1.0, 0.0, -0.7161493063124523, 0.0, -0.6979471119420104, 0.8491431093426102, 0.009945372716398544, 0.1810646382790534, 0 
-0.6994167652434671, 0.0, 0.7147140606538849, 0.0, 1.0, 0.0, -0.7147140606538849, 0.0, -0.6994167652434671, 0.8492851007048031, 0.009954091089215257, 0.1800974850371577, 0 
-0.7007254824064406, 0.0, 0.7134310045871718, 0.0, 1.0, 0.0, -0.7134310045871718, 0.0, -0.7007254824064406, 0.8494101065765125, 0.00996186952395508, 0.17923435712144234, 0 
-0.7018813834144484, 0.0, 0.7122938463978331, 0.0, 1.0, 0.0, -0.7122938463978331, 0.0, -0.7018813834144484, 0.8495193841513091, 0.00996875134994797, 0.1784705307947706, 0 
-0.702892774405012, 0.0, 0.7112958229100076, 0.0, 1.0, 0.0, -0.7112958229100076, 0.0, -0.702892774405012, 0.8496141250277933, 0.009974781846026435, 0.17780105020554138, 0 
-0.7037681633614199, 0.0, 0.7104297095694223, 0.0, 1.0, 0.0, -0.7104297095694223, 0.0, -0.7037681633614199, 0.8496954640567204, 0.00998000826359677, 0.17722072667538113, 0 
-0.704516276136169, 0.0, 0.709687830429144, 0.0, 1.0, 0.0, -0.709687830429144, 0.0, -0.704516276136169, 0.8497644882855837, 0.009984479849709845, 0.17672413785434596, 0 
-0.7051460726616599, 0.0, 0.7090620679530367, 0.0, 1.0, 0.0, -0.7090620679530367, 0.0, -0.7051460726616599, 0.8498222459214542, 0.009988247870132305, 0.17630562675311354, 0 
-0.705666763197117, 0.0, 0.708543872543475, 0.0, 1.0, 0.0, -0.708543872543475, 0.0, -0.705666763197117, 0.8498697552279646, 0.009991365632417582, 0.17595930066037943, 0 
-0.7060878244546127, 0.0, 0.7081242716903242, 0.0, 1.0, 0.0, -0.7081242716903242, 0.0, -0.7060878244546127, 0.8499080132672658, 0.009993888508976898, 0.17567902995182585, 0 
-0.7064190154409309, 0.0, 0.7077938786281397, 0.0, 1.0, 0.0, -0.7077938786281397, 0.0, -0.7064190154409309, 0.84993800439256, 0.009995873960150305, 0.1754584467949905, 0 
-0.7066703928459519, 0.0, 0.7075429003777425, 0.0, 1.0, 0.0, -0.7075429003777425, 0.0, -0.7066703928459519, 0.8499607083914008, 0.009997381557277753, 0.17529094375202964, 0 
-0.7068523258021728, 0.0, 0.7073611450370022, 0.0, 1.0, 0.0, -0.7073611450370022, 0.0, -0.7068523258021728, 0.8499771081744, 0.009998473005770085, 0.17516967227983515, 0 
-0.7069755098339292, 0.0, 0.7072380281737232, 0.0, 1.0, 0.0, -0.7072380281737232, 0.0, -0.7069755098339292, 0.8499881968982339, 0.009999212168180121, 0.17508754112418917, 0 
-0.7070509798085869, 0.0, 0.7071625781612862, 0.0, 1.0, 0.0, -0.7071625781612862, 0.0, -0.7070509798085869, 0.8499949844059367, 0.009999665087273684, 0.17503721460182975, 0 
-0.7070901216955134, 0.0, 0.707123440285092, 0.0, 1.0, 0.0, -0.707123440285092, 0.0, -0.7070901216955134, 0.8499985028613845, 0.009999900009100565, 0.17501111076138995, 0 
-0.7071046829318337, 0.0, 0.707108879435035, 0.0, 1.0, 0.0, -0.707108879435035, 0.0, -0.7071046829318337, 0.8499998114485939, 0.00999998740606566, 0.17500139941128987, 0 
-0.707106781186547, 0.0, 0.7071067811865479, 0.0, 1.0, 0.0, -0.7071067811865479, 0.0, -0.707106781186547, 0.8500000000000001, 0.01, 0.17500000000000007, 0 
-0.7071067811865475, 0.0, 0.7071067811865475, 0.0, 1.0, 0.0, -0.7071067811865475, 0.0, -0.7071067811865475, 0.85, 0.01, 0.175, 0 
-0.7071067811865475, 0.0, 0.7071067811865475, 0.0, 1.0, 0.0, -0.7071067811865475, 0.0, -0.7071067811865475, 0.8500000235254778, 0.009999998431634814, 0.1749999764745222, 0 
-0.7071067811865475, 0.0, 0.7071067811865475, 0.0, 1.0, 0.0, -0.7071067811865475, 0.0, -0.7071067811865475, 0.8500001874957577, 0.009999987500282817, 0.17499981250424224, 0 
-0.7071067811865475, 0.0, 0.7071067811865475, 0.0, 1.0, 0.0, -0.7071067811865475, 0.0, -0.7071067811865475, 0.8500006304132707, 0.009999957972448624, 0.17499936958672932, 0 
-0.7071067811865475, 0.0, 0.7071067811865475, 0.0, 1.0, 0.0, -0.7071067811865475, 0.0, -0.7071067811865475, 0.8500014886712054, 0.009999900755252972, 0.17499851132879457, 0 
-0.7071067811865475, 0.0, 0.7071067811865475, 0.0, 1.0, 0.0, -0.7071067811865475, 0.0, -0.7071067811865475, 0.8500028965641888, 0.009999806895720744, 0.17499710343581115, 0 
-0.7071067811865475, 0.0, 0.7071067811865475, 0.0, 1.0, 0.0, -0.7071067811865475, 0.0, -0.7071067811865475, 0.8500049862989653, 0.009999667580068983, 0.17499501370103474, 0 
-0.7071067811865475, 0.0, 0.7071067811865475, 0.0, 1.0, 0.0, -0.7071067811865475, 0.0, -0.7071067811865475, 0.8500078880050763, 0.009999474132994911, 0.17499211199492368, 0 
-0.7071067811865475, 0.0, 0.7071067811865475, 0.0, 1.0, 0.0, -0.7071067811865475, 0.0, -0.7071067811865475, 0.8500117297455406, 0.009999218016963957, 0.17498827025445934, 0 
-0.7071067811865475, 0.0, 0.7071067811865475, 0.0, 1.0, 0.0, -0.7071067811865475, 0.0, -0.7071067811865475, 0.8500166375275335, 0.009998890831497765, 0.17498336247246646, 0 
-0.7071067811865475, 0.0, 0.7071067811865475, 0.0, 1.0, 0.0, -0.7071067811865475, 0.0, -0.7071067811865475, 0.8500227353130667, 0.00999848431246222, 0.17497726468693325, 0 
-0.7071067811865475, 0.0, 0.7071067811865475, 0.0, 1.0, 0.0, -0.7071067811865475, 0.0, -0.7071067811865475, 0.850030145029668, 0.009997990331355467, 0.174969854970332, 0 
-0.7071067811865475, 0.0, 0.7071067811865475, 0.0, 1.0, 0.0, -0.7071067811865475, 0.0, -0.7071067811865475, 0.8500389865810609, 0.009997400894595934, 0.174961013418939, 0 
-0.7071067811865475, 0.0, 0.7071067811865475, 0.0, 1.0, 0.0, -0.7071067811865475, 0.0, -0.7071067811865475, 0.8500493778578448, 0.009996708142810345, 0.17495062214215518, 0 
-0.7071067811865475, 0.0, 0.7071067811865475, 0.0, 1.0, 0.0, -0.7071067811865475, 0.0, -0.7071067811865475, 0.8500614347481739, 0.009995904350121744, 0.17493856525182613, 0 
-0.7071067811865475, 0.0, 0.7071067811865475, 0.0, 1.0, 0.0, -0.7071067811865475, 0.0, -0.7071067811865475, 0.8500752711484373, 0.00999498192343751, 0.17492472885156266, 0 
-0.7071067811865475, 0.0, 0.7071067811865475, 0.0, 1.0, 0.0, -0.7071067811865475, 0.0, -0.7071067811865475, 0.8500909989739391, 0.009993933401737388, 0.1749090010260608, 0 
-0.7071067811865475, 0.0, 0.7071067811865475, 0.0, 1.0, 0.0, -0.7071067811865475, 0.0, -0.7071067811865475, 0.8501087281695776, 0.009992751455361491, 0.17489127183042233, 0 
-0.7071067811865475, 0.0, 0.7071067811865475, 0.0, 1.0, 0.0, -0.7071067811865475, 0.0, -0.7071067811865475, 0.850128566720525, 0.009991428885298335, 0.17487143327947502, 0 
-0.7071067811865475, 0.0, 0.7071067811865475, 0.0, 1.0, 0.0, -0.7071067811865475, 0.0, -0.7071067811865475, 0.8501506206629071, 0.009989958622472853, 0.17484937933709277, 0 
-0.7071067811865475, 0.0, 0.7071067811865475, 0.0, 1.0, 0.0, -0.7071067811865475, 0.0, -0.7071067811865475, 0.8501749940944838, 0.009988333727034414, 0.17482500590551617, 0 
-0.7071067811865475, 0.0, 0.7071067811865475, 0.0, 1.0, 0.0, -0.7071067811865475, 0.0, -0.7071067811865475, 0.8502017891853274, 0.00998654738764484, 0.1747982108146726, 0 
-0.7071067811865475, 0.0, 0.7071067811865475, 0.0, 1.0, 0.0, -0.7071067811865475, 0.0, -0.7071067811865475, 0.8502311061885035, 0.009984592920766434, 0.1747688938114965, 0 
-0.7071067811865475, 0.0, 0.7071067811865475, 0.0, 1.0, 0.0, -0.7071067811865475, 0.0, -0.7071067811865475, 0.8502630434507501, 0.009982463769949991, 0.17473695654924987, 0 
-0.7071067811865475, 0.0, 0.7071067811865475, 0.0, 1.0, 0.0, -0.7071067811865475, 0.0, -0.7071067811865475, 0.8502976974231576, 0.009980153505122824, 0.17470230257684236, 0 
-0.7071067811865475, 0.0, 0.7071067811865475, 0.0, 1.0, 0.0, -0.7071067811865475, 0.0, -0.7071067811865475, 0.8503351626718483, 0.009977655821876779, 0.17466483732815166, 0 
-0.7071067811865475, 0.0, 0.7071067811865475, 0.0, 1.0, 0.0, -0.7071067811865475, 0.0, -0.7071067811865475, 0.8503755318886562, 0.009974964540756253, 0.17462446811134377, 0 
-0.7071067811865475, 0.0, 0.7071067811865475, 0.0, 1.0, 0.0, -0.7071067811865475, 0.0, -0.7071067811865475, 0.8504188959018066, 0.009972073606546223, 0.17458110409819333, 0 
-0.7071067811865475, 0.0, 0.7071067811865475, 0.0, 1.0, 0.0, -0.7071067811865475, 0.0, -0.7071067811865475, 0.8504653436865961, 0.009968977087560256, 0.17453465631340384, 0 
-0.7071067811865475, 0.0, 0.7071067811865475, 0.0, 1.0, 0.0, -0.7071067811865475, 0.0, -0.7071067811865475, 0.8505149623760719, 0.009965669174928535, 0.17448503762392803, 0 
