-0.3603934773886383, -0.5000010603626028, 0.7874741145536138, -0.2080738595401139, 0.866024791582939, 0.45464967759782715, -0.9092974268256818, 0.0, -0.4161468365471423, 0.36312939508233494, 0.12512382716881276, 0.18291348284303924, 0 
-0.3603934773886383, -0.5000010603626028, 0.7874741145536138, -0.2080738595401139, 0.866024791582939, 0.45464967759782715, -0.9092974268256818, 0.0, -0.4161468365471423, 0.36313014280172895, 0.12512397445827533, 0.1829135988993834, 0 
-0.36039486231574175, -0.500005141684682, 0.7874708893065817, -0.20807781441316725, 0.8660224352106366, 0.45465235604896875, -0.9092959729183107, -8.483011109803019e-07, -0.4161500133771755, 0.3631353316795239, 0.12512499660451326, 0.18291440427572372, 0 
-0.36039811601969096, -0.5000147304386946, 0.7874633117255541, -0.2080871061302768, 0.8660168989899948, 0.454658648797183, -0.9092925570089004, -2.8412621714874246e-06, -0.41615747711670753, 0.36314927929915425, 0.12512774423334144, 0.18291656904704767, 0 
-0.36040438867048386, -0.5000332170019249, 0.7874487021525662, -0.20810502020334443, 0.8660062250642536, 0.4546707805831895, -0.9092859710746782, -6.683348141091844e-06, -0.41617186685564467, 0.36317616965635857, 0.1251330420140558, 0.18292074234644506, 0 
-0.3604146246271222, -0.5000633866176787, 0.7874248584591096, -0.20813425603782862, 0.8659888043137051, 0.45469057859922607, -0.9092752222613736, -1.2952893750158277e-05, -0.41619535078344205, 0.3632200544899596, 0.12514168930761005, 0.18292755234833077, 0 
-0.36042973681807366, -0.5001079342351358, 0.7873896487332809, -0.2081774260129917, 0.8659630786712741, 0.4547198100773424, -0.9092593492045379, -2.2208870427174614e-05, -0.4162300270174012, 0.3632848545996486, 0.12515446094007723, 0.1829376061756654, 0 
-0.3604506066075808, -0.5001694652709285, 0.7873410101136741, -0.2082370564531449, 0.8659275401476968, 0.4547601824406892, -0.909237421423006, -3.499074919675924e-05, -0.4162779243002092, 0.36337436115244565, 0.12517210808403353, 0.18295148974163797, 0 
-0.36047808359271255, -0.5002504963429842, 0.787276947559068, -0.20831558860761876, 0.8658807297910379, 0.45481334338341584, -0.9092085386710723, -5.181831272860173e-05, -0.41634100269187485, 0.3634922369791729, 0.1251953592331773, 0.1829697675346227, 0 
-0.3605129853415531, -0.5003534559806116, 0.787195532563784, -0.20841537963793202, 0.8658212365905988, 0.45488088088982487, -0.9091718302556993, -7.31914241789621e-05, -0.4164211542567424, 0.36364201786216427, 0.12522492125599938, 0.18299298235488393, 0 
-0.36055609708236425, -0.5004806853145415, 0.7870949018281214, -0.20853870361065532, 0.8657476963347732, 0.45496432320284264, -0.9091264543247656, -9.958976005616194e-05, -0.41652020374618043, 0.36382711381529675, 0.12526148051503638, 0.18302165501103468, 0 
-0.36060817135300544, -0.5006344387503768, 0.7869732558928142, -0.20868775249449012, 0.8656587904319307, 0.45506513875128385, -0.9090715971320632, -0.00013147251394045832, -0.41663990927746963, 0.3640508103572908, 0.12530570403893787, 0.18305628398379714, 0 
-0.36066992761936456, -0.5008168846286565, 0.7868288577460093, -0.20886463716010953, 0.8655532447029354, 0.4551847360448242, -0.9090064722844488, -0.00016927807749734283, -0.4167819630093346, 0.36431626977909737, 0.1253582407352625, 0.18309734506416617, 0 
-0.36074205187102953, -0.5010301058744927, 0.7866600314108212, -0.20907138838133033, 0.865429828153454, 0.45532446354504835, -0.9089303199762798, -0.00021342370484482017, -0.41694799181449455, 0.3646265324060624, 0.12541972263258028, 0.18314529097264576, 0 
-0.3608251962019313, -0.5012761006395159, 0.7864651605211002, -0.20930995783621617, 0.8652873517337586, 0.455485609520411, -0.9088424062159728, -0.0002643051659658581, -0.4171395579495428, 0.36498451785544467, 0.12549076614110755, 0.1832005509658079, 0 
-0.36091997838319684, -0.5015567829386324, 0.7862426868926174, -0.20958221910674288, 0.8651246670932946, 0.4556694018924351, -0.9087420220492536, -0.00032229639450088966, -0.41735815972239976, 0.3653930262897535, 0.12557197332173184, 0.18326353043601942, 0 
-0.3610269814349804, -0.5018739832838979, 0.7859911090964709, -0.2098899686756953, 0.8649406653368554, 0.45587700807997933, -0.9086284827833994, -0.0003877491349081497, -0.4176052321575322, 0.3658547396662769, 0.1256639331539015, 0.1833346105097894, 0 
-0.36114675320358386, -0.502229449317612, 0.7857089810410965, -0.21023492691950288, 0.8647342757887864, 0.4561095348479293, -0.9085011272165057, -0.0004609925936454977, -0.4178821476590829, 0.3663722229830843, 0.1257672227934554, 0.18341414764981329, 0 
-0.3612798059497352, -0.5026248464465509, 0.7853949105688826, -0.2106187390957736, 0.8645044647712301, 0.4563680281662108, -0.9083593168755569, -0.0005423330987039542, -0.41819021667200906, 0.36694792552171324, 0.12588240881205381, 0.18350247326542785, 0 
-0.36142661595347014, -0.503061758479091, 0.7850475580729792, -0.21104297632433244, 0.8642502344020248, 0.45665347308458365, -0.9082024352668243, -0.0006320537715105879, -0.418530688341297, 0.367584182086688, 0.1260100484104448, 0.18359989333584056, 0 
-0.36158762314065035, -0.5035416882668091, 0.7846656351395204, -0.2115091365606347, 0.8639706214174683, 0.4569667936282553, -0.908029887141866, -0.0007304142149169835, -0.4189047511692901, 0.3682832142419656, 0.12615069059835707, 0.18370668805016432, 0 
-0.36176323073575917, -0.504066058352011, 0.7842479032200806, -0.2120186455604843, 0.8636646960247796, 0.4573088527189508, -0.9078410977821636, -0.0008376502207002264, -0.41931353367114693, 0.369047131544368, 0.12630487733435403, 0.18382311146796704, 0 
-0.3619538049452349, -0.5046362116224956, 0.7837931723388275, -0.2125728578350606, 0.863331560788703, 0.45768045212569153, -0.9076355123051886, -0.0009539734997233355, -0.4197581050284315, 0.3698779327740336, 0.12647314461951323, 0.18394939120374057, 0 
-0.36215967467524013, -0.5052534119747479, 0.7833002998384465, -0.2131730575953299, 0.8629703495563372, 0.4580823324491695, -0.9074125949944615, -0.0010795714376339353, -0.42023947574083115, 0.37077750716190117, 0.1266560235393114, 0.1840857281383993, 0 
-0.36238113128741284, -0.5059188449866471, 0.7827681891685636, -0.21382045968500085, 0.8625802264239004, 0.4585151731432536, -0.9071718286559334, -0.0012146068787217807, -0.42075859827599527, 0.3717476356142438, 0.1268540412485977, 0.18423229616064024, 0 
-0.36261842839581254, -0.5066336186006718, 0.7821957887200239, -0.21451621050126776, 0.8621603847487891, 0.45897959257683346, -0.9069127140028013, -0.0013592179403081437, -0.4213163677174956, 0.37278999193426793, 0.12706772189502585, 0.18438924194073059, 0 
-0.36287178170795326, -0.5073987638185079, 0.7815820907080369, -0.2152613889026761, 0.8617100462099407, 0.45947614813889165, -0.9066347690706477, -0.0015135178598023103, -0.42191362241091684, 0.3739061440408167, 0.1272975874767919, 0.18455668473903436, 0 
-0.3631413689125079, -0.5082152354078794, 0.7809261301068521, -0.21605700710353867, 0.8612284599191696, 0.46000533638939106, -0.9063375286645761, -0.0016775948763329404, -0.42255114460810494, 0.37509755518423843, 0.12754415863098467, 0.1847347162513493, 0 
-0.3634273296159739, -0.5090839126223661, 0.7802269836382908, -0.21690401155442965, 0.8607149015858079, 0.46056759325828517, -0.9060205438398172, -0.0018515121486429955, -0.42322966110962174, 0.37636558515951785, 0.12780795534930675, 0.18492340049289474, 0 
-0.3637297653303095, -0.5100055999349072, 0.7794837688161272, -0.21780328380838349, 0.8601686727366663, 0.4611632942946855, -0.9056833814170617, -0.0020353077107289255, -0.42394984390547885, 0.3777114915168081, 0.1280894976183563, 0.18512277372257516, 0 
-0.36404873951328204, -0.5109810277856479, 0.7786956430479843, -0.21875564137253004, 0.859589099993009, 0.4617927549679639, -0.9053256235335901, -0.0022289944665033765, -0.42471231081425537, 0.37913643076955234, 0.12838930598208484, 0.18533284440893402, 0 
-0.36438427766301074, -0.5120108533447421, 0.7778618027960977, -0.2197618385450019, 0.8589755344059241, 0.4624562310223289, -0.9049468672310693, -0.002432560224570426, -0.425517626120737, 0.3806414596004383, 0.1287079020244525, 0.18555359323901904, 0 
-0.3647363674679437, -0.5130956612906898, 0.7769814827979873, -0.22082256723705693, 0.8583273508511823, 0.4631539188861808, -0.9045467240806994, -0.0026459677740184803, -0.426366301212249, 0.38222753606548876, 0.12904580877069952, 0.1857849731711909, 0 
-0.3651049590132728, -0.5142359646047665, 0.7760539553477721, -0.22193845778046553, 0.8576439474843742, 0.46388595613733397, -0.9041248198462118, -0.0028691550019606746, -0.4272587952138958, 0.3838955207966556, 0.12940355100603515, 0.18602690953273124, 0 
-0.365489965044566, -0.51543220538207, 0.7750785296385766, -0.22311007972032057, 0.8569247452568418, 0.46465242202498963, -0.9036807941850453, -0.0031020350533853044, -0.428195515622961, 0.38564617820335384, 0.129781655510915, 0.18627930016293656, 0 
-0.3658912612891857, -0.5166847556597013, 0.7740545511661848, -0.22433794259353243, 0.856169187492642, 0.4654533380491435, -0.9032143003878481, -0.0033444965337192352, -0.4291768189427595, 0.3874801776734394, 0.13018065121243325, 0.18654201560222544, 0 
-0.3663086868358541, -0.5179939182625782, 0.7729814011938281, -0.22562249669338, 0.8553767395265183, 0.46628866859792834, -0.9027250051562979, -0.0035964037543528447, -0.43020301131628275, 0.38939809477420817, 0.13060106925170242, 0.1868148993276332, 0 
-0.3667420445725331, -0.5193599276673704, 0.7718584962777194, -0.22696413382058905, 0.8545468884026001, 0.46715832164321347, -0.9022125884190644, -0.0038575970212298225, -0.43127434916001417, 0.39140041245406487, 0.13104344296742224, 0.1870977680349239, 0 
-0.3671911016826018, -0.5207829508850361, 0.7706852878526951, -0.22836318802151295, 0.8536791426333031, 0.4680621494946154, -0.9016767431855879, -0.004127892966464328, -0.4323910397983393, 0.3934875222455801, 0.13150830779615885, 0.18739041196741077, 0 
-0.3676555901991323, -0.522263088362437, 0.7694612618770729, -0.22981993631408737, 0.8527730320176715, 0.4689999496119124, -0.9011171754371996, -0.0044070849228152725, -0.4335532420990144, 0.39565972547072675, 0.13199620109015922, 0.18769259529144627, 0 
-0.3681352076168983, -0.5238003749034954, 0.7681859385356002, -0.23133459940232676, 0.851828107518169, 0.46997146547570307, -0.9005336040549672, -0.004694943340717635, -0.4347610671101993, 0.3979172344491533, 0.13250766185382146, 0.18800405651841395, 0 
-0.3686296175615856, -0.525394780610363, 0.7668588719991365, -0.23290734238021932, 0.8508439411947175, 0.47097638751600235, -0.8999257607835118, -0.004991216247450586, -0.4360145786995989, 0.4002601737104162, 0.13304323040021768, 0.1883245089729378, 0 
-0.3691384505155196, -0.5270462118450525, 0.7654796502394963, -0.23453827542596584, 0.849820126194569, 0.47201435409832676, -0.8992933902299155, -0.005295629747902802, -0.43731379419629335, 0.4026885812111581, 0.13360344792933784, 0.18865364130690662, 0 
-0.3696613045990727, -0.528754512211989, 0.7640478948976781, -0.236227454487586, 0.8487562767964016, 0.47308495256668825, -0.8986362498967128, -0.005607888566284691, -0.4386586850358728, 0.40520240955827047, 0.1341888560299749, 0.18899111805880156, 0 
-0.3701977464067757, -0.5305194635619195, 0.7625632612035005, -0.23797488196099403, 0.8476520285068436, 0.47418772034278184, -0.8979541102478431, -0.0059276766280295014, -0.44004917740952315, 0.40780152723913893, 0.13479999610741497, 0.18933658025770883, 0 
-0.3707473118970156, -0.5323407870176176, 0.7610254379444887, -0.2397805073617136, 0.8465070382074544, 0.47532214608053186, -0.8972467548063333, -0.006254657681022027, -0.44148515291773627, 0.41048571986010823, 0.1354374087393271, 0.18968964607129654, 0 
-0.3713095073340759, -0.5342181440218012, 0.7594341474816814, -0.24164422799146643, 0.845320984350022, 0.47648767087503774, -0.8965139802823681, -0.006588475955196776, -0.4429664492293448, 0.4132546913943511, 0.13610163296246242, 0.19004991149693679, 0 
-0.3718838102811448, -0.5361511374076701, 0.7577891458098615, -0.24356588960092568, 0.8440935671978815, 0.47768368952484164, -0.8957555967303176, -0.0069287568594509855, -0.4444928607465989, 0.4161080654403543, 0.1367932054929812, 0.1904169510950573, 0 
-0.3724696706427992, -0.5381393124924502, 0.7560902226595699, -0.24554528704997525, 0.8428245091108185, 0.47890955184633055, -0.894971427733193, -0.0072751077147304825, -0.4460641392770205, 0.41904538649226397, 0.13751265988341463, 0.19079031876371622, 0 
-0.3730665117553557, -0.540182158194309, 0.7543372016381199, -0.247582164966859, 0.841513554870977, 0.48016456403897, -0.8941613106129196, -0.007627118522058121, -0.4476799947127819, 0.4220661212233525, 0.13826052561945235, 0.1911695485533028, 0 
-0.3736737315233686, -0.5422791081729806, 0.7525299404067047, -0.24967621840763965, 0.8401604720470766, 0.48144799009996314, -0.8933250966647374, -0.007984362764193481, -0.4493400957183629, 0.4251696597838763, 0.13903732715991238, 0.19155415552018074, 0 
-0.3742907036004476, -0.5444295419944087, 0.7506683308905742, -0.2518270935174147, 0.8387650513941229, 0.482759053286819, -0.8924626514139701, -0.008346398239532815, -0.451044070427241, 0.428355317114602, 0.1398435829234076, 0.1919436366180059, 0 
-0.37491677861247047, -0.546632786319682, 0.7487522995191594, -0.2540343881947575, 0.837327107285698, 0.484096937626216, -0.891573854893336, -0.008712767926784548, -0.4527915071483683, 0.4316223342772696, 0.14067980422536386, 0.1923374716253686, 0 
-0.3755512854211601, -0.5488881161184972, 0.7467818074929261, -0.25629765276086214, 0.83584647817582, 0.4854607894674411, -0.8906586019389174, -0.009083000878882235, -0.4545819550831811, 0.43496987980324753, 0.1415464941691799, 0.19273512410833035, 0 
-0.37619353242591247, -0.551194755907339, 0.7447568510736664, -0.25861639063487857, 0.834323027087281, 0.4868497190785923, -0.8897168025028538, -0.009456613144530598, -0.4564149250538733, 0.43839705106161453, 0.14244414649543372, 0.193136042416348, 0 
-0.3768428089016639, -0.5535518810125232, 0.742677461894867, -0.260990059016917, 0.8327566421233051, 0.48826280228363084, -0.8887483819807777, -0.009833108715714276, -0.4582898902436478, 0.441902875647867, 0.1433732443931511, 0.19353966071000148, 0 
-0.3774983863705089, -0.5559586188581903, 0.7405437072887431, -0.2634180695801909, 0.8311472369993014, 0.4896990821382791, -0.8877532815519793, -0.010211980499438979, -0.46020628694963667, 0.44548631279441503, 0.14433425927724253, 0.19394540001886978, 0 
-0.3781595200046938, -0.5584140502792838, 0.7383556906264794, -0.26589978917374923, 0.8294947515914418, 0.4911575706426685, -0.8867314585302449, -0.010592711311915873, -0.46216351534915334, 0.4491462548039783, 0.14532764953630048, 0.19435266932782672, 0 
-0.37882545005853974, -0.5609172108594853, 0.7361135516681925, -0.26843454053721905, 0.8277991524987545, 0.4926372504885477, -0.8856828867232995, -0.010974774893346063, -0.46416094027990273, 0.4528815285069359, 0.14635385925501787, 0.19476086668995926, 0 
-0.3794954033267739, -0.5634670922940072, 0.7338174669191149, -0.2710216030289464, 0.8260604336153886, 0.49413707683878205, -0.884607556798759, -0.011357636941412726, -0.46619789203474277, 0.4566908967436194, 0.14741331691554507, 0.19516938036424636, 0 
-0.38016859462668295, -0.5660626437770808, 0.7314676499884835, -0.27366021336887925, 0.8242786167097003, 0.4956559791367825, -0.8835054766544871, -0.011740756161537934, -0.4682736671715408, 0.46057305987246183, 0.14850643408215333, 0.19557758997606725, 0 
-0.38084422830143827, -0.5687027734138973, 0.7290643519476339, -0.2763495663974869, 0.8224537520067866, 0.4971928629434256, -0.8823766717912498, -0.012123585331921736, -0.470387529338626, 0.4645266573048349, 0.1496336040736004, 0.19598486769855192, 0 
-0.3815214997418861, -0.5713863496566812, 0.7266078616838075, -0.2790888158519542, 0.8205859187711108, 0.49874661179894353, -0.8812211856855555, -0.012505572381337222, -0.47253871011628146, 0.46855026906731645, 0.1507952006276231, 0.19639057945272037, 0 
-0.38219959692404015, -0.574112202764498, 0.7240985062462135, -0.2818770751608203, 0.8186752258858631, 0.5003160891071889, -0.8800390801605816, -0.012886161477621887, -0.4747264098746667, 0.4726424173920313, 0.1519915765619855, 0.19679408612430616, 0 
-0.3828777019594698, -0.576879126286307, 0.7215366511809242, -0.2847134182581675, 0.8167218124257332, 0.5019001400396053, -0.878830435753101, -0.013264794124771877, -0.4769497986484974, 0.4768015683356061, 0.15322306243651432, 0.19719474479510202, 0 
-0.3835549926557288, -0.5796858785666882, 0.7189227008512328, -0.2875968804183826, 0.8147258482197971, 0.5034975934561622, -0.8775953520743365, -0.013640910266517259, -0.47920801702874544, 0.4810261334271687, 0.1544899652205382, 0.19759190998661524, 0 
-0.38423064408393387, -0.5825311842735739, 0.7162570987401613, -0.2905264591124325, 0.8126875344012627, 0.5051072638404527, -0.8763339481627067, -0.01401394939423236, -0.4815001770715546, 0.48531447134570216, 0.15579256697012256, 0.19798493491377403, 0 
-0.3849038301505715, -0.5854137359472346, 0.7135403277318821, -0.2935011148865085, 0.8106071039408749, 0.5067279532460829, -0.8750463628264487, -0.014383351657015014, -0.4838253632244945, 0.48966488962694654, 0.15713112351945582, 0.1983731727463794, 0 
-0.38557372517057814, -0.5883321955696612, 0.7107729103688923, -0.29651977226379583, 0.8084848221608361, 0.5083584532514317, -0.8737327549741455, -0.014748558971751605, -0.4861826332702009, 0.4940756463999111, 0.15850586319069607, 0.19875597787595906, 0 
-0.38623950543872465, -0.5912851961534024, 0.7079554090818732, -0.29958132067003146, 0.8063209872261708, 0.5099975469197997, -0.8723933039312312, -0.015109016130973742, -0.48857101928737523, 0.4985449521529283, 0.15991698552652722, 0.19913270718564063, 0 
-0.38690035079631235, -0.5942713433488099, 0.7050884263892662, -0.30268461538340496, 0.8041159306105391, 0.5116440107619233, -0.8710282097405864, -0.01546417190630496, -0.49098952862903456, 0.5030709715290497, 0.16136466004960565, 0.19950272132063068, 0 
-0.3875554461901848, -0.597289217068558, 0.7021726050637095, -0.30582847850925415, 0.8018700175335923, 0.5132966166977834, -0.8696376934454035, -0.015813480145292012, -0.4934371449178233, 0.5076518251504383, 0.16284902505299625, 0.19986538595685638, 0 
-0.3882039832210502, -0.600337373128196, 0.6992086282625865, -0.30901169997989597, 0.7995836473670574, 0.5149541340146012, -0.8682219973525467, -0.016156400859418343, -0.4959128290581162, 0.5122855914712818, 0.1643701864256092, 0.20022007306530315, 0 
-0.388845161678115, -0.6034143449014093, 0.6961972196200756, -0.31223303857981854, 0.7972572540068397, 0.5166153313178842, -0.8667813852747037, -0.016492401301101925, -0.4984155202645572, 0.5169703086585995, 0.16592821651654455, 0.20056616216956252, 0 
-0.38947819105703635, -0.6065186449885593, 0.6931391432982131, -0.31549122299634774, 0.7948913062085415, 0.5182789784723548, -0.8653161427496933, -0.016820957027492527, -0.5009441371065957, 0.5217039765001767, 0.16752315304214388, 0.20090304159408998, 0 
-0.3901022920582168, -0.6096487668969893, 0.690035203994627, -0.31878495289578196, 0.7924863078839159, 0.5199438485295826, -0.8638265772353615, -0.01714155294889802, -0.5034975785684975, 0.5264845583387198, 0.16915499803942557, 0.20123010970066352, 0 
-0.39071669806248555, -0.612803186731486, 0.6868862469047434, -0.32211290002487125, 0.7900427983558918, 0.5216087196391176, -0.8623130182785809, -0.0174536843596899, -0.5060747251242216, 0.5313099830311736, 0.1708237168694529, 0.2015467761105299, 0 
-0.3913206565812411, -0.6159803648932062, 0.6836931576364205, -0.32547370933739905, 0.787561352569939, 0.5232723769399286, -0.8607758176569441, -0.01775685794956535, -0.5086744398264752, 0.5361781469320137, 0.17252923727404507, 0.20185246290972667, 0 
-0.39191343067816187, -0.6191787477852851, 0.6804568620751209, -0.32886600014550327, 0.7850425812596823, 0.5249336144289418, -0.8592153494918324, -0.01805059279307137, -0.5112955694091699, 0.54108691589917, 0.17427144848909318, 0.2021466058350765, 0 
-0.3924943003596366, -0.6223967695232738, 0.6771783261979021, -0.3322883672952559, 0.782487131064802, 0.5265912368034893, -0.8576320103316181, -0.018334421315333846, -0.5139369454024291, 0.546034127321118, 0.17605020041759104, 0.20242865543836144, 0 
-0.3930625639311134, -0.6256328536484652, 0.6738585558346631, -0.3357393823659034, 0.7798956845994168, 0.5282440612744915, -0.8560262192038638, -0.01860789023197361, -0.516597385259211, 0.5510175921635234, 0.17786530286532537, 0.20269807822620678, 0 
-0.3936175393166205, -0.6288854148421081, 0.6704985963752634, -0.339217594892051, 0.7772689604692877, 0.529890919347223, -0.854398417635462, -0.018870561461237167, -0.5192756934925383, 0.5560350970337096, 0.17971652484200346, 0.20295435777322512, 0 
-0.39415856533877835, -0.6321528606384348, 0.667099532421302, -0.34272153360796254, 0.7746077132363363, 0.5315306585665405, -0.8527490696397636, -0.0191220130064197, -0.521970662822251, 0.5610844062610811, 0.18160359393041703, 0.20319699580600614, 0 
-0.39468500295668596, -0.6354335931343696, 0.6636624873815196, -0.34624970771303404, 0.7719127333291269, 0.5331621442234951, -0.8510786616698361, -0.019361839806713188, -0.5246810753301283, 0.5661632639915237, 0.18352619572606174, 0.20342551325557298, 0 
-0.3951962364591449, -0.638726010693735, 0.6601886230099657, -0.3498006081573917, 0.7691848468981273, 0.5347842610202954, -0.8493877025370962, -0.01958965455467121, -0.5274057036221567, 0.5712693962936819, 0.1854839733494429, 0.203639451275969, 0 
-0.3956916746107652, -0.6420285096437184, 0.6566791388862558, -0.35337270894645906, 0.7664249156147149, 0.5363959146906495, -0.8476767232946588, -0.019805088478548026, -0.5301433119966594, 0.5764005132749113, 0.18747652703310377, 0.2038383722266907, 0 
-0.3961707517485824, -0.6453394859613251, 0.6531352718374166, -0.35696446846323693, 0.7636338364130696, 0.5379960335725684, -0.8459462770848525, -0.020007792087835194, -0.5328926576169426, 0.5815543112045993, 0.18950341378521973, 0.20402186061673502, 0 
-0.3966329288269185, -0.6486573369475104, 0.649558295301003, -0.3605743308069478, 0.760812541174251, 0.5395835701308005, -0.8441969389504458, -0.02019743588039663, -0.535652491687059, 0.5867284746424596, 0.19156414713139622, 0.20418952400809554, 0 
-0.39707769440831, -0.6519804628866523, 0.6459495186293488, -0.36420072714659746, 0.7579619963519284, 0.5411575024261319, -0.8424293056092426, -0.020373711009675527, -0.5384215606292375, 0.5919206785693141, 0.19365819693610728, 0.20434099387660642, 0 
-0.3975045655984438, -0.6553072686890145, 0.6423102863349898, -0.3678420770879287, 0.7550832025393954, 0.5427168355288868, -0.8406439951918, -0.020536329910532614, -0.5411986072614885, 0.5971285905178094, 0.19578498930500393, 0.20447592642810947, 0 
-0.3979130889231452, -0.658636165513831, 0.6386419772774719, -0.3714967900521592, 0.7521771939776649, 0.5442606028740536, -0.8388416469421288, -0.020685026882356822, -0.5439823719738472, 0.6023498727004419, 0.1979439065691148, 0.20459400336799882, 0 
-0.398302841145588, -0.6619655723706505, 0.6349460037919366, -0.3751632666648218, 0.749245038004607, 0.5457878675555687, -0.8370229208813416, -0.0208195586281823, -0.5467715939016907, 0.6075821841322114, 0.20013428735174746, 0.20469493262228525, 0 
-0.3986734300220148, -0.6652939176965758, 0.6312238107600378, -0.3788399001529605, 0.7462878344452508, 0.5472977235574006, -0.8351884974343079, -0.020939704748634547, -0.5495650120945323, 0.612823182745179, 0.20235542671869572, 0.2047784490084102, 0 
-0.39902449499438764, -0.6686196409070516, 0.6274768746239177, -0.3825250777488754, 0.7433067149435368, 0.5487892969191954, -0.8333390770194874, -0.021045268189628485, -0.5523613666786769, 0.6180705274921618, 0.20460657641213992, 0.20484431485414195, 0 
-0.39935570781851853, -0.6719411939178825, 0.6237067023441232, -0.38621718209855904, 0.7403028422359533, 0.5502617468343748, -0.8314753796021976, -0.021136075642835803, -0.5551594000121063, 0.6233218804367833, 0.20688694516842604, 0.20489232056298226, 0 
-0.39966677312637083, -0.6752570426361825, 0.619914830302511, -0.3899145926729197, 0.7372774093676612, 0.5517142666787052, -0.8295981442116812, -0.021211977898045645, -0.5579578578299509, 0.6285749088270687, 0.2091956991196929, 0.2049222851246259, 0 
-0.3999574289213572, -0.6785656684180099, 0.6161028231513286, -0.3936156871798538, 0.7342316388518396, 0.5531460849675006, -0.8277081284224224, -0.021272850146642028, -0.5607554903789079, 0.6338272871497894, 0.21153196227912036, 0.20493405656911973, 0 
-0.4002274470056118, -0.6818655694904854, 0.6122722726098142, -0.3973188429751989, 0.7311667817731544, 0.5545564662397672, -0.825806107800263, -0.021318592235531245, -0.5635510535389635, 0.6390766991627483, 0.21389481710935887, 0.20492751236349266, 0 
-0.40047663333835537, -0.6851552623362471, 0.6084247962097904, -0.4010224384705803, 0.7280841168363719, 0.555944711867745, -0.823892875313949, -0.021349128870959536, -0.5663433099307918, 0.6443208399022362, 0.21628330517350752, 0.20490255974974098, 0 
-0.40070482832462556, -0.6884332830381664, 0.6045620359918613, -0.40472485453615076, 0.7249849493612924, 0.5573101607904668, -0.8219692407128288, -0.02136440977177173, -0.5691310300072205, 0.6495574176629071, 0.21869642786780868, 0.20485913602318295, 0 
-0.4009119070337963, -0.6916981885823213, 0.6006856571539396, -0.4084244758962228, 0.7218706102252948, 0.5586521901701063, -0.8200360298715054, -0.021364409771771717, -0.5719129931271744, 0.6547841559473686, 0.22113314723503805, 0.2047972087503211, 0 
-0.40109777934746416, -0.6949485581173072, 0.5967973466539618, -0.4121196925157937, 0.7187424547549193, 0.5599702159700645, -0.8180940841023241, -0.021349128870959536, -0.574687988610542, 0.6599987953828359, 0.2235923868573792, 0.20471677592548482, 0 
-0.4012623900364356, -0.698182994168054, 0.5928988117687357, -0.41580890097598106, 0.7156018615680274, 0.5612636934539064, -0.8161442594366479, -0.021318592235531203, -0.5774548167724475, 0.6651990956022598, 0.22607303282739544, 0.20461786606565585, 0 
-0.4014057187667055, -0.7014001238024242, 0.5889917786109824, -0.41949050583640946, 0.7124502313681865, 0.5625321176044359, -0.8141874258759453, -0.021272850146642028, -0.5802122899354516, 0.6703828370874221, 0.22857393479553623, 0.20450053824301867, 0 
-0.40152778003447287, -0.7045985997489604, 0.5850779906067162, -0.4231629209826149, 0.7092889856930371, 0.5637750234623773, -0.8122244666137861, -0.021211977898045686, -0.5829592334182585, 0.6755478229715686, 0.23109390709244454, 0.2043648820549139, 0 
-0.4016286230304008, -0.7077771014642762, 0.5811592069351841, -0.4268245709565791, 0.7061195656184922, 0.5649919863843064, -0.8102562772298876, -0.02113607564283579, -0.5856944864995606, 0.6806918807992575, 0.23363172992417805, 0.20421101753101334, 0 
-0.4017083314334784, -0.7109343361486998, 0.5772372009336703, -0.4304738922685496, 0.702943430420709, 0.5661826222196608, -0.8082837648574268, -0.0210452681896285, -0.5884169033557167, 0.6858128642411994, 0.23618615063829734, 0.20403909497767575, 0 
-0.40176702313500373, -0.714069039708902, 0.5733137584695176, -0.4341093346883565, 0.6997620561978528, 0.567346587406839, -0.8063078473248727, -0.020939704748634616, -0.5911253539710255, 0.6909086547619878, 0.2387558850586355, 0.2038492947595845, 0 
-0.40180484989335663, -0.7171799776663813, 0.5693906762817829, -0.43772936251450545, 0.6965769344537448, 0.5684835789885828, -0.8043294522736452, -0.020819558628182327, -0.5938187250194337, 0.6959771632387495, 0.24133961888642438, 0.20364182701890907, 0 
-0.40182199692038795, -0.720265946010811, 0.5654697602949811, -0.44133245581938885, 0.6933895706455555, 0.5695933345470253, -0.8023495162529476, -0.020685026882356836, -0.5964959207165941, 0.7010163315288671, 0.24393600916532626, 0.20341693133237684, 0 
-0.40181868240039564, -0.7233257719973979, 0.561552823907403, -0.4449171116690469, 0.6902014826977514, 0.5706756320589645, -0.8003689837931521, -0.020536329910532614, -0.5991558636412757, 0.7060241339850897, 0.2465436858078031, 0.20317487630677916, 0 
-0.4017951569428114, -0.726358314887551, 0.5576416862565234, -0.44848184531598234, 0.6870141994845604, 0.5717302896721144, -0.7983888064591542, -0.020373711009675513, -0.6017974955252152, 0.7109985789164819, 0.24916125318014382, 0.20291595911357965, 0 
-0.4017517029698655, -0.7293624666323149, 0.5537381704640187, -0.45202519136364083, 0.6838292592832533, 0.5727571654032633, -0.7964099418851305, -0.02019743588039656, -0.6044197780105979, 0.7159377099938382, 0.25178729174337566, 0.202640504963431, 0 
-0.401688634040634, -0.7323371524981646, 0.5498441018629281, -0.4555457049012497, 0.6806482082005729, 0.573756156759449, -0.7944333527921605, -0.020007792087835208, -0.6070216933744433, 0.7208396075983415, 0.2544203597471898, 0.2023488665215418, 0 
-0.4016062941130171, -0.7352813316349414, 0.5459613062094753, -0.4590419626078302, 0.6774725985746615, 0.5747272002834449, -0.7924600059901827, -0.019805088478547977, -0.6096022452192877, 0.7257023901124364, 0.2570589949739406, 0.2020414232649738, 0 
-0.40150505674532544, -0.7381939975858425, 0.5420916078820684, -0.46251256382429196, 0.6743039873548591, 0.5756702710250188, -0.7904908713657696, -0.019589654554671265, -0.612160459129643, 0.730524215152045, 0.25970171652969587, 0.2017185807830814, 0 
-0.40138532423928086, -0.7410741787395693, 0.5382368280699497, -0.4659561315926493, 0.6711439344617309, 0.5765853819396062, -0.7885269208572028, -0.019361839806713174, -0.6146953832938378, 0.7353032807394639, 0.2623470266792745, 0.20138077002243257, 0 
-0.4012475267263654, -0.743920938724879, 0.5343987829539563, -0.46937131366150364, 0.6679940011297087, 0.5774725832162053, -0.7865691274183403, -0.01912201300641972, -0.6172060890909399, 0.7400378264164444, 0.26499341272213567, 0.20102844647768353, 0 
-0.4010921211995653, -0.7467333767479711, 0.5305792818817996, -0.4727567834570717, 0.6648557482346906, 0.5783319615364632, -0.7846184639727495, -0.01887056146123718, -0.6196916716425848, 0.7447261342971686, 0.2676393489059641, 0.2006620893299952, 0 
-0.40091959049267634, -0.7495106278732939, 0.5267801255402159, -0.4761112410191628, 0.6617307346089462, 0.5791636392670876, -0.7826759023595766, -0.018607890231973637, -0.6221512503296425, 0.7493665300610229, 0.2702832983747546, 0.20028220053470583, 0 
-0.4007304422094395, -0.7522518632485253, 0.5230031041263035, -0.4794334139016336, 0.6586205153456379, 0.5799677735878704, -0.7807424122726087, -0.018334421315333818, -0.6245839692737717, 0.7539573838852641, 0.2729237151481817, 0.1998893038600841, 0 
-0.40052520760488103, -0.7549562902746528, 0.519249995520271, -0.4827220580369951, 0.655526640095239, 0.5807445555577555, -0.7788189601939562, -0.018050592793071335, -0.626988997784031, 0.7584971113178838, 0.27555904612903276, 0.19948394387910062, 0 
-0.4003044404213243, -0.7576231527222342, 0.5155225634617681, -0.48597595856496756, 0.6524506513560862, 0.5814942091215353, -0.7769065083237696, -0.017756857949565344, -0.6293655307688273, 0.7629841740911654, 0.2781877331354775, 0.19906668491626056, 0 
-0.40006871568163416, -0.7602517307950882, 0.5118225557318872, -0.48919393062492245, 0.6493940827612654, 0.5822169900598861, -0.7750060135073705, -0.01745368435968994, -0.6317127891136018, 0.7674170808766299, 0.280808214954955, 0.19863810995164227, 0 
-0.39981862844233024, -0.7628413411428197, 0.5081517023428322, -0.49237482011229045, 0.6463584573639649, 0.5829131848855928, -0.7731184261611437, -0.017141552948897992, -0.634030020024775, 0.7717943879822741, 0.2834189294164805, 0.19819881948438006, 0 
-0.3995547925092917, -0.7653913368237457, 0.5045117137371704, -0.49551750439914816, 0.6433452859233826, 0.5835831096889297, -0.7712446891985042, -0.01682095702749259, -0.6363164973405783, 0.7761146999931926, 0.28601831547819345, 0.19774943035792159, 0 
-0.3992778391188364, -0.7679011072199375, 0.5009042789984799, -0.4986208930193351, 0.6403560651931999, 0.5842271089352866, -0.7693857369572128, -0.016492401301101883, -0.6385715218095229, 0.7803766703568742, 0.28860481532700516, 0.19729057454947493, 0 
-0.3989884155870276, -0.7703700779062406, 0.4973310640751156, -0.5016839283185869, 0.6373922762145796, 0.5848455542182296, -0.7675424941292727, -0.016156400859418385, -0.6407944213373626, 0.784579001914651, 0.2911768764872401, 0.19682289792613722, 0 
-0.39868718393011104, -0.7727977104752902, 0.4937937100186957, -0.5047055860703169, 0.6344553826155501, 0.5854388429712996, -0.7657158746945868, -0.01581348014529199, -0.6429845512035252, 0.7887204473809821, 0.2937329539352258, 0.19634705897027027, 0 
-0.3983748194590422, -0.7751835023206614, 0.4902938312388286, -0.5076848760577914, 0.6315468289185892, 0.5860073971419297, -0.7639067808595237, -0.015464171906304891, -0.6451412942480832, 0.792799809772409, 0.29627151221681725, 0.1958637274767567, 0 
-0.39805200935109797, -0.7775269863804439, 0.4868330137754615, -0.5106208426236023, 0.6286680388581077, 0.5865516618309621, -0.7621161020014705, -0.015109016130973707, -0.6472640610304563, 0.7968159427882336, 0.2987910275649332, 0.19537358322482745, 0 
-0.397719451201607, -0.779827730843647, 0.48341281359014593, -0.5135125651874396, 0.6258204137094805, 0.5870721039013099, -0.7603447136204134, -0.01474855897175159, -0.6493522899611185, 0.8007677511451092, 0.30128999001422196, 0.19487731462720803, 0 
-0.3973778515588622, -0.7820853388219664, 0.48003475487738706, -0.5163591587333161, 0.6230053306311598, 0.5875692105593873, -0.7585934762985279, -0.01438335165701507, -0.6514054474076998, 0.8046541908679257, 0.3037669055100619, 0.1943756173593763, 0 
-0.3970279244452982, -0.7842994479895591, 0.47670032839712984, -0.5191597742675023, 0.6202241410213317, 0.5880434879129838, -0.7568632346687048, -0.014013949394232339, -0.6534230277769534, 0.8084742695395157, 0.30622029800917666, 0.19386919297176816, 0 
-0.39667038986803277, -0.7864697301935759, 0.47341098982933105, -0.5219135992485491, 0.6174781688904839, 0.5884954595093154, -0.7551548163928824, -0.013640910266517203, -0.6554045535741517, 0.8122270465118657, 0.3086487115692226, 0.19335874748779827, 0 
-0.3963059723218799, -0.7885958910383035, 0.4701681581514358, -0.5246198579908894, 0.6147687092511553, 0.5889256648570238, -0.7534690311510013, -0.013264794124771828, -0.6573495754415599, 0.8159116330816529, 0.31105071242479665, 0.1928449899905948, 0 
-0.3959353992879452, -0.7906776694458584, 0.46697321403947945, -0.5272778120436119, 0.6120970265260555, 0.5893346579359326, -0.7518066696413361, -0.012886161477621838, -0.6592576721777121, 0.819527192633071, 0.3134248910473992, 0.1923286312013653, 0 
-0.39555939973090604, -0.7927148371964541, 0.4638274982934117, -0.5298867605461014, 0.6094643529756392, 0.5897230056983908, -0.7501685025929069, -0.012505572381337204, -0.661128450739288, 0.8230729407510249, 0.31576986418697833, 0.1918103820523285, 0 
-0.395178702598072, -0.7947071984513452, 0.460732310287133, -0.5324460405623352, 0.6068718871461372, 0.5900912865660517, -0.7485552797906089, -0.012123585331921816, -0.6629615462274587, 0.8265481453078927, 0.3180842768927792, 0.19129095225715048, 0 
-0.3947940353233019, -0.7966545892616058, 0.45768890644363, -0.5349550273957054, 0.6043207923389511, 0.5904400889259489, -0.7469677291136504, -0.011740756161537996, -0.6647566218606263, 0.8299521265271541, 0.32036680451131283, 0.1907710488818312, 0 
-0.3944061223388302, -0.7985568770659619, 0.4546984987354878, -0.5374131348863197, 0.601812195102231, 0.5907700096297145, -0.7454065555878258, -0.01135763694141273, -0.6665133689355383, 0.8332842570272796, 0.3226161546593608, 0.19025137491897745, 0 
-0.3940156835980245, -0.8004139601809495, 0.45176225321094615, -0.5398198156928126, 0.5993471837453564, 0.5910816524997947, -0.7438724404520975, -0.010974774893346084, -0.6682315067788116, 0.8365439618493605, 0.3248310691700342, 0.18973262786838815, 0 
-0.39362343311206616, -0.8022257672866902, 0.4488812885455933, -0.5421745615607441, 0.596926806876977, 0.5913756268464835, -0.7423660402399115, -0.010592711311915831, -0.6699107826909316, 0.8397307184720154, 0.3270103260099905, 0.18921549832686227, 0 
-0.3932300775034956, -0.8039922569116178, 0.44605667461967036, -0.544476903579737, 0.5945520719671595, 0.5916525459995751, -0.7408879858756093, -0.010211980499439027, -0.6715509718848319, 0.8428440568171849, 0.3291527411660302, 0.1887006685901114, 0 
-0.39283631457952517, -0.8057134169194997, 0.44328943112088853, -0.5467264124315427, 0.5922239439341248, 0.5919130258583987, -0.7394388817862577, -0.009833108715714273, -0.6731518774211909, 0.8458835592504585, 0.3312571704993793, 0.18818881126963033, 0 
-0.39244283192796686, -0.8073892640021031, 0.4405805261725718, -0.5489226986312614, 0.5899433437559722, 0.5921576834639539, -0.7380193050291646, -0.00945661314453064, -0.67471333014259, 0.8488488605796145, 0.3333225115660671, 0.1876805879273436, 0 
-0.39205030553855974, -0.8090198431808487, 0.43793087498686023, -0.5510654127639791, 0.5877111471077174, 0.5923871355968122, -0.7366298044352994, -0.009083000878882197, -0.6762351886087021, 0.8517396480550739, 0.3353477054019115, 0.18717664773079756, 0 
-0.39165939845242725, -0.8106052273207907, 0.4353413385426339, -0.5531542457191001, 0.5855281830238945, 0.5926019974043879, -0.7352708997687971, -0.008712767926784576, -0.6777173390346729, 0.8545556613759764, 0.3373317382707085, 0.1866776261316224, 0 
-0.39127075944231626, -0.8121455166602197, 0.4328127222877559, -0.555188928924663, 0.5833952325869076, 0.5928028810611109, -0.7339430809026806, -0.00834639823953287, -0.6791596952348604, 0.8572966927055774, 0.33927364337433286, 0.1861841435699306, 0 
-0.3908850217262013, -0.8136408383591656, 0.4303457748651677, -0.5571692345839374, 0.5813130276412565, 0.592990394464957, -0.7326468070108929, -0.007984362764193537, -0.6805621985740857, 0.8599625866996469, 0.34117250252353626, 0.18569680420725498, 0 
-0.39050280171675705, -0.8150913460700169, 0.42794118686232036, -0.5590949759165789, 0.5792822495336956, 0.5931651399737021, -0.731382505776699, -0.007627118522058135, -0.6819248179285216, 0.8625532405515122, 0.3430274477683281, 0.18521619469056363, 0 
-0.3901246978091144, -0.8164972195334256, 0.4255995895833692, -0.5609660074066168, 0.5773035278793334, 0.593327713184169, -0.7301505726174752, -0.0072751077147305, -0.6832475496583302, 0.865068604057351, 0.34483766298691687, 0.18474288294981273, 0 
-0.3897512892092275, -0.8178586642025938, 0.4233215538435222, -0.5627822250595148, 0.5753774393536225, 0.593478701757637, -0.728951369925873, -0.006928756859451074, -0.6845304175941167, 0.8675086797052705, 0.34660238543227384, 0.18427741703141387, 0 
-0.3893831348050857, -0.8191759108989505, 0.42110758878490817, -0.5645435666704982, 0.5735045065101603, 0.5936186842944637, -0.7277852263273261, -0.006588475955196793, -0.6857734730392177, 0.8698735227916212, 0.34832090723546116, 0.18382032396991538, 0 
-0.3890207720828983, -0.8204492155021559, 0.4189581407132734, -0.5662500121063221, 0.5716851966241476, 0.5937482292608541, -0.7266524359538169, -0.006254657681022013, -0.6869767947898076, 0.8721632415679419, 0.34999257686496893, 0.1833721087000903, 0 
-0.38866471609027875, -0.8216788586772497, 0.4168735919548222, -0.5679015836025703, 0.5699199205613417, 0.5938678939705757, -0.725553257733818, -0.005927676628029566, -0.6881404891747306, 0.8743779974217885, 0.3516168005413708, 0.18293325301153457, 0 
-0.38831545844834214, -0.8228651456416591, 0.41485425973248136, -0.5694983460785291, 0.5682090316722881, 0.5939782236242847, -0.7244879146982881, -0.005607888566284719, -0.6892646901169058, 0.8765180050946129, 0.3531930436066989, 0.18250421454776794, 0 
-0.3879734664145108, -0.8240084059746535, 0.4129003950608663, -0.5710404074715961, 0.5665528247115921, 0.5940797504089748, -0.7234565933025852, -0.005295629747902819, -0.6903495592180755, 0.878583532939708, 0.3547208318480154, 0.18208542585171908, 0 
