0.4679151918312371, -0.5000010603626028, 0.728734734241349, 0.27015172585042924, 0.866024791582939, 0.4207363846683119, -0.8414709848078965, 0.0, 0.5403023058681398, 0.22946400577682102, 0.047951860458277235, 0.591410593049106, 0 
0.4679139394573427, -0.5000005803515954, 0.7287358677254593, 0.2701510908046946, 0.8660250687179145, 0.42073622198375715, -0.8414718850909659, 4.464737196339558e-07, 0.5403009037575792, 0.22946500837712996, 0.04795207362575333, 0.5914106750404596, 0 
0.46790524842265263, -0.49999724923873046, 0.7287437335938051, 0.2701466838444001, 0.8660269919241186, 0.4207350929821953, -0.8414781326370933, 3.5448007914614825e-06, 0.5402911736101422, 0.22947196603708994, 0.04795355291013601, 0.591411243979653, 0 
0.467881886600175, -0.4999882950394288, 0.7287648763593277, 0.2701348380661653, 0.8660321614597235, 0.4207320579423037, -0.8414949253883993, 1.1872840416740205e-05, 0.540265018675657, 0.22949066819111563, 0.047957529082072445, 0.5914127728588003, 0 
0.4678368442008413, -0.49997103085009026, 0.728805636311147, 0.27011200020651965, 0.8660421280346142, 0.4207262052852307, -0.8415272987566301, 2.792803255157927e-05, 0.5402145913129284, 0.2295267253830645, 0.0479651944592769, 0.5914157187373221, 0 
0.46776333001548676, -0.49994285325933585, 0.7288721496721748, 0.2700747297098244, 0.8660583932652172, 0.4207166502850058, -0.8415801253980445, 5.412748545599991e-05, 0.5401322889859734, 0.2295855713039436, 0.047977702886513304, 0.5914205214960903, 0 
0.46765476718003773, -0.4999012405280817, 0.7289703481296548, 0.27001969787214164, 0.8660824101118744, 0.42070253345546255, -0.8416581143759158, 9.28078245529235e-05, 0.540010749792896, 0.22967246489449428, 0.04799616958138942, 0.5914276021359107, 0 
0.46750478852548644, -0.4998437505681588, 0.729105957816624, 0.2699436870521425, 0.8661155833006671, 0.4206830186547114, -0.8417658097870424, 0.00014622483226923755, 0.5398428475879469, 0.2297924925034019, 0.04802167086260909, 0.591437360677842, 0 
0.46730723157183474, -0.4997680187479811, 0.7292844978178169, 0.2698435899409208, 0.8661592697313562, 0.4206572909462524, -0.8419075889243806, 0.0002165529068202806, 0.5396216867550587, 0.2299505700918125, 0.04805524377635237, 0.5914501737199617, 0 
0.4670561332229342, -0.4996717555525945, 0.729511278269109, 0.26971640888337745, 0.8662147788728516, 0.4206245542539237, -0.8420876600437128, 0.00030588436620847774, 0.5393405966890116, 0.23015144547472302, 0.048097885635485754, 0.5914663917023756, 0 
0.4667457242169807, -0.49955274412432565, 0.7297913981152576, 0.26955925524463187, 0.8662833731473728, 0.42058402884604296, -0.8423100597981278, 0.00041622862204567277, 0.5389931260383647, 0.23039970058966971, 0.048150553485353804, 0.5914863359295275, 0 
0.4663704233853287, -0.499408837709165, 0.73012974258646, 0.2693693488156963, 0.866366268304215, 0.42053494868231417, -0.8425786504000662, 0.0005495112461883815, 0.5385730367623255, 0.23069975378298999, 0.048214163508975186, 0.5915102953961862, 0 
0.4659248317702367, -0.499237957032959, 0.7305309804501343, 0.2691440172533989, 0.866464633783789, 0.42047655865532685, -0.8428971165667722, 0.0007075729516021412, 0.538074298051802, 0.23105586210379944, 0.04828959038356575, 0.5915385234608966, 0 
0.4654037266501362, -0.4990380876304431, 0.7309995610903715, 0.26888069555025584, 0.8665795930723875, 0.4204081117567856, -0.8432689623012197, 0.0008921685073558586, 0.5374910801629907, 0.23147212359571961, 0.04837766659944399, 0.5915712344081562, 0 
0.46480205551899717, -0.49880727714912615, 0.7315397114636977, 0.2685769255306592, 0.8667122240479155, 0.42032886619695153, -0.8436975075569524, 0.001104965606192809, 0.5368177482099444, 0.23195247957632847, 0.048479181751543664, 0.5916085999381305, 0 
0.4641149300643477, -0.49854363264900065, 0.7321554329761573, 0.2682303553703609, 0.8668635593166379, 0.4202380825041678, -0.8441858848318039, 0.0013475437017377379, 0.536048855960645, 0.2325007168942957, 0.04859488181296696, 0.5916507456203546, 0 
0.4633376201864699, -0.4982453179180445, 0.7328504983232839, 0.2678387391367906, 0.8670345865408337, 0.42013502062977337, -0.8447370357321577, 0.0016213928310844646, 0.5351791396791682, 0.23312047015421516, 0.04872546839926348, 0.5916977473455738, 0 
0.46246554809924273, -0.49791055082245006, 0.7336284483312733, 0.26739993634823495, 0.8672262487571042, 0.4200189370821764, -0.8453537075462714, 0.0019279124372668563, 0.5342035120545422, 0.23381522389926668, 0.04887159803141603, 0.5917496278076679, 0 
0.46149428255101027, -0.4975376007094951, 0.7344925888346102, 0.26691191155033395, 0.867439444684977, 0.4198890821123664, -0.8460384498622242, 0.0022684102049505476, 0.5331170562548784, 0.23458831474202962, 0.04903388140485524, 0.5918063530454617, 0 
0.46041953320174556, -0.4971247858799385, 0.735445987622553, 0.2663727339087095, 0.8676750290253499, 0.4197446969716927, -0.846793611263268, 0.002644100921595538, 0.5319150201432836, 0.23544293343403913, 0.04921288267121294, 0.591867829072177, 0 
0.45923714519062125, -0.4966704711457895, 0.7364914714842173, 0.26578057681683004, 0.8679338127482732, 0.41958501126131614, -0.8476213361307521, 0.0030561053753297264, 0.5305928106899428, 0.23638212686501886, 0.04940911873895864, 0.5919338986182983, 0 
0.45794309392591276, -0.49617306548825596, 0.7376316233795496, 0.2651337175184366, 0.8682165633695278, 0.4194092403913638, -0.848523561582362, 0.003505449299841274, 0.5291459886125848, 0.23740879998314635, 0.049623058598543976, 0.5920043380117231, 0 
0.45653348012693484, -0.49563101982963104, 0.738868779761217, 0.2644305367440129, 0.8685240052154595, 0.41921658316647004, -0.8495020145711621, 0.003993062375741315, 0.5275702632753296, 0.2385257176282044, 0.04985512267720644, 0.5920788542172498, 0 
0.45500452514545525, -0.49504282493182317, 0.7402050280703849, 0.2636695183608657, 0.8688568196755466, 0.41900621951308054, -0.8505582091688422, 0.004519777297067897, 0.5258614878736387, 0.23973550627004375, 0.05010568222815527, 0.5921570820556973, 0 
0.4533525665917383, -0.49440700943317567, 0.7416422044274633, 0.26284924903641016, 0.869215645442231, 0.4187773083626205, -0.8516934440546544, 0.005086328910892703, 0.5240156549307773, 0.24104065564542543, 0.05037505875847674, 0.5922385816212822, 0 
0.45157405428805236, -0.49372213803416143, 0.7431818915372118, 0.261968417914217, 0.8696010787376094, 0.41852898570338987, -0.8529088002297628, 0.005693353437352501, 0.52202889212884, 0.2424435202870222, 0.050663523499752006, 0.5923228359142682, 0 
0.44966554657013263, -0.49298680984146903, 0.7448254168260608, 0.2610258163022858, 0.8700136735266837, 0.41826036281284246, -0.854205138975123, 0.006341387776854001, 0.5198974584949942, 0.24394632093913082, 0.05097129692507644, 0.5924092487043645, 0 
0.4476237069547271, -0.49219965687893713, 0.7465738508281451, 0.26002033737286284, 0.8704539417169741, 0.41797052468073087, -0.855583100069544, 0.007030868910690695, 0.5176177409611744, 0.24555114585547924, 0.051298548315902796, 0.5924971426388826, 0 
0.44544530118896947, -0.4913593427727192, 0.7484280058353174, 0.25895097587292565, 0.8709223533444463, 0.41765852863245917, -0.8570431002832518, 0.007762133400855548, 0.515186251312998, 0.24725995197539635, 0.05164539538189695, 0.5925857576082404, 0 
0.44312719469493844, -0.4904645616170022, 0.7503884348253483, 0.25781682784421783, 0.8714193367458476, 0.4173234031608724, -0.8585853321610725, 0.008535416994436756, 0.5125996235412117, 0.24907456597554145, 0.052011903936795806, 0.5926742493800626, 0 
0.4406663504203593, -0.4895140370255388, 0.7524554306815526, 0.25661709035143865, 0.8719452787177162, 0.41696414697362866, -0.8602097631082565, 0.009350854337631408, 0.5098546116064793, 0.25099668519536106, 0.05239808763308462, 0.5927616885118201, 0 
0.4380598271040111, -0.4885065213731966, 0.7546290257162539, 0.2553510612168786, 0.8725005246625155, 0.41657972826224904, -0.8619161347909771, 0.010208478804107872, 0.506948087625832, 0.25302787843544455, 0.05280390775816641, 0.5928470595507112, 0 
0.4353047779620094, -0.48744079523067924, 0.7569089915097648, 0.25401813875945, 0.873085378722527, 0.41616908419790943, -0.8637039628626412, 0.011108222442179102, 0.5038770404866096, 0.2551695866289796, 0.053229273094573315, 0.5929292605282883, 0 
0.43239844979875414, -0.48631566699453205, 0.7592948390759008, 0.2526178215356957, 0.8737001039023468, 0.41573112065803774, -0.8655725370263279, 0.012049916045016313, 0.5006385748912225, 0.2574231233875594, 0.053674039846667486, 0.5930071027561802, 0 
0.4293381825439699, -0.4851299727135187, 0.7617858193644862, 0.2511497080799749, 0.8743449221810313, 0.4152647121868046, -0.8675209214429265, 0.013033289347927713, 0.4972299108335992, 0.25978967542365594, 0.05413801163619325, 0.5930793109281437, 0 
0.4261214092149221, -0.48388257611143126, 0.7643809241107826, 0.24961349664062982, 0.8750200146151537, 0.41476870219163686, -0.8695479554938458, 0.014057971356543755, 0.493648383505721, 0.2622703028531424, 0.054620939568968956, 0.5931445235326018, 0 
0.4227456563005827, -0.4825723688053985, 0.7670788870413109, 0.2480089849085303, 0.8757255214342442, 0.414241903376954, -0.8716522549065253, 0.015123490809587654, 0.48989144363022136, 0.26486593938231506, 0.055122522374945235, 0.5932012935787753, 0 
0.4192085445622425, -0.4811982707177687, 0.7698781854450972, 0.24633606973398975, 0.8764615421303065, 0.4136830984154125, -0.873832213250357, 0.016229276779756954, 0.4859566582126319, 0.2675773923849244, 0.0556424066237999, 0.5932480896384943, 0 
0.41550779024282464, -0.47975923067867, 0.7727770421189644, 0.24459474682764443, 0.8772281355433064, 0.4130910408560506, -0.8760860038100401, 0.017374659416098004, 0.48184171170450685, 0.27040534287576834, 0.05618018701818825, 0.5932832972047826, 0 
0.4116412066749702, -0.47825422721541033, 0.7757734276950747, 0.24278511044049148, 0.878025319944741, 0.41246445626785067, -0.8784115818428015, 0.018558870831113877, 0.4775444075663552, 0.27335034538842257, 0.05673540676671626, 0.5933052203673248, 0 
0.40760670627582285, -0.4766822695239426, 0.7788650633585247, 0.24090735301790558, 0.8788530731216002, 0.4118020436163783, -0.8808066872253419, 0.01978104613570085, 0.47306267021706117, 0.27641282776567583, 0.05730755803865073, 0.5933120838039735, 0 
0.4034023029143632, -0.47504239861672587, 0.7820494239623582, 0.23896176482208942, 0.879711332463214, 0.4111024768703166, -0.8832688474957673, 0.02104022462485912, 0.46839454735429475, 0.27959309087219475, 0.057896082502322546, 0.5933020350865009, 0 
0.39902611463512694, -0.47333368864043335, 0.7853237415469088, 0.23694873351707985, 0.8805999950536699, 0.4103644068338876, -0.8857953812951648, 0.02233535111695985, 0.4635382126282964, 0.28289130823986, 0.05850037194911288, 0.5932731472978688, 0 
0.3944763667201979, -0.47155524835610757, 0.788685009269887, 0.2348687437101194, 0.8815189177726497, 0.40958646320034425, -0.888383402212841, 0.023665277449174387, 0.45849196864938796, 0.2863075256570817, 0.059119769004836974, 0.5932234219573608, 0 
0.389751395069497, -0.46970622277355, 0.7921299857530867, 0.23272237644292684, 0.8824679174076842, 0.40876725682092185, -0.8910298230385656, 0.025028764131474476, 0.4532542503076099, 0.2898416607142174, 0.05975356793025129, 0.593150792249, 0 
0.38484964987760717, -0.4677857949309428, 0.795655199850984, 0.23051030862616104, 0.8834467707809726, 0.40790538218285866, -0.8937313604244596, 0.026424482161395445, 0.4478236283810256, 0.29349350231796967, 0.06040101551230837, 0.5930531265477638, 0 
0.37976969958367496, -0.4657931878099521, 0.7992569558458458, 0.2282333124101689, 0.8844552148940209, 0.40699942008933354, -0.8964845399583907, 0.02785101500150939, 0.4421988134074742, 0.29726271018833017, 0.06106131204766385, 0.5929282322371879, 0 
0.3745102350693306, -0.4637276663758484, 0.8029313390732266, 0.2258922544849542, 0.8854929470934667, 0.40604794053341997, -0.8992857016499369, 0.029306860721285653, 0.43637865979289564, 0.3011488143522574, 0.06173361241980489, 0.59277385981105, 0 
0.3690700740780692, -0.4615885397315078, 0.8066742219809325, 0.22348809530218997, 0.8865596252615283, 0.4050495057574296, -0.9021310058290911, 0.030790434304714714, 0.43036217012781136, 0.30515121464881934, 0.06241702727101263, 0.5925877072509107, 0 
0.363448165828142, -0.45937516337352013, 0.8104812706236408, 0.22102188821203791, 0.8876548680345806, 0.40400267348830354, -0.9050164394569553, 0.03230007012473917, 0.4241484996821185, 0.30926918026099837, 0.06311062427019612, 0.5923674246703894, 0 
0.3576435957897288, -0.45708694153805063, 0.8143479515943931, 0.21849477850752658, 0.8887782550533968, 0.4029060003390197, -0.9079378228466638, 0.03383402458517018, 0.41773696104705665, 0.3135018492897391, 0.06381342947743757, 0.5921106192161493, 0 
0.3516555905960018, -0.4547233296235553, 0.8182695393931299, 0.21590800236928395, 0.8899293272486005, 0.40175804536531523, -0.9108908167917176, 0.0353904789303695, 0.4111270288920404, 0.31784822838611465, 0.06452442880587025, 0.5918148602146719, 0 
0.34548352305665403, -0.4522838366769581, 0.8222411242312887, 0.21326288570351876, 0.8911075871648695, 0.40055737376637157, -0.913870930097774, 0.03696754222254308, 0.40431834480302054, 0.32230719245769235, 0.06524256958126948, 0.5914776845530091, 0 
0.3391269172415634, -0.44976802792946063, 0.8262576202702628, 0.21056084286629995, 0.8923124993273881, 0.3993025607174883, -0.9168735275127465, 0.038563254486025655, 0.3973107221681526, 0.3268774844652937, 0.0659667621994734, 0.5910966022808218, 0 
0.3325854536014912, -0.4471755273677661, 0.8303137742902084, 0.20780337526739545, 0.8935434906539869, 0.39799219532217817, -0.919893838048809, 0.040175590017435744, 0.3901041510758154, 0.3315577153263599, 0.06669588188146688, 0.590669102420142, 0 
0.3258589740920821, -0.4445060203261658, 0.834404174784289, 0.20499206984720214, 0.8947999509163144, 0.3966248846705424, -0.9229269636885769, 0.04180246086004474, 0.38269880318943883, 0.33634636394105466, 0.06742877052565312, 0.5901926589684378, 0 
0.3189474872669562, -0.4417592560846711, 0.8385232614719837, 0.20212859742062617, 0.8960812332532796, 0.3951992579902598, -0.9259678884663685, 0.04344172044014208, 0.37509503656318255, 0.3412417773570568, 0.06816423865651289, 0.5896647370797226, 0 
0.3118511733053399, -0.4389350504581502, 0.8426653352235299, 0.19921471088215698, 0.897386654739851, 0.39371397087601295, -0.92901148791402, 0.04509116736258236, 0.36729340036224184, 0.3462421710887201, 0.06890106746850268, 0.5890827994076312, 0 
0.30457038893950794, -0.4360332883612899, 0.8468245683859659, 0.196252243266823, 0.8987154970141449, 0.39216770958272207, -0.9320525388592517, 0.04674854936207928, 0.35929463945147394, 0.35134562960589616, 0.06963801096367896, 0.5884443125935899, 0 
0.29710567224728346, -0.43305392633410533, 0.8509950154995654, 0.19324310566220756, 0.9000670069655333, 0.3905591953675287, -0.9350857295630786, 0.048411567406166776, 0.3510996988161106, 0.35655010700724354, 0.07037379818115344, 0.5877467538824445, 0 
0.289457747274977, -0.42999699501270927, 0.8551706243917268, 0.19018928496726034, 0.9014403974862932, 0.3888871888650948, -0.9381056701812104, 0.05007787994507926, 0.34270972777858, 0.3618534278922664, 0.07110713551608708, 0.5869876178471823, 0 
0.2816275284564488, -0.4268626015300903, 0.859345247633613, 0.18709284149423583, 0.9028348482890722, 0.3871504944804548, -0.9411069035328159, 0.051745107303117904, 0.3341260839758907, 0.3672532884456557, 0.07183670912552027, 0.5861644232036913, 0 
0.2736161247944352, -0.4236509318317686, 0.863512654343033, 0.18395590641074333, 0.904249506792189, 0.3853479647833692, -0.9440839161584514, 0.0534108362053716, 0.32535033706262717, 0.37274725774673684, 0.07256118741791634, 0.5852747196958505, 0 
0.2654248437709147, -0.4203622528913783, 0.8676665423152323, 0.18078067901958833, 0.9056834890744958, 0.3834785048879068, -0.9470311496473609, 0.05507262443294948, 0.3163842721054022, 0.37833277931596426, 0.07327922362286407, 0.5843160950306536, 0 
0.2570551949540755, -0.4169969148114805, 0.8718005504614168, 0.17756942387482266, 0.9071358809012283, 0.3815410768008027, -0.9499430122127779, 0.0567280055991688, 0.30722989263555534, 0.3840071729094558, 0.07398945843695183, 0.5832861818425202, 0 
0.24850889327041312, -0.4135553527952312, 0.8759082715329993, 0.17432446773320082, 0.9086057388219437, 0.37953470372202625, -0.9528138904922884, 0.05837449403842315, 0.29788942332803203, 0.3897676365715189, 0.07469052274138492, 0.5821826646654662, 0 
0.2397878619115985, -0.4100380889749236, 0.8799832651077274, 0.17104819634104967, 0.910092091341299, 0.3774584742809395, -0.955638161548783, 0.060009589798743955, 0.28836531227567685, 0.39561124895400535, 0.07538104038647972, 0.5810032868913864, 0 
0.23089423484705104, -0.4064457340838861, 0.8840190708120532, 0.16774305105740384, 0.9115939401630744, 0.37531154669143163, -0.9584102050460168, 0.06163078372836357, 0.2786602328296588, 0.40153497191013193, 0.07605963103773186, 0.5797458576923542, 0 
0.22183035891458402, -0.40277898895874814, 0.8880092217523394, 0.16441152531512587, 0.9131102615074621, 0.37309315280949357, -0.9611244155713561, 0.06323556264589625, 0.26877708497838204, 0.40753565336914244, 0.07672491307772396, 0.5784082588845669, 0 
0.21259879546309124, -0.39903864585968674, 0.8919472581257877, 0.1610561609226212, 0.914640007501266, 0.37080260207683424, -0.9637752150768919, 0.06482141458308265, 0.2587189962390444, 0.41361003049684936, 0.07737550655771762, 0.5769884517113691, 0 
0.2032023215229851, -0.39522558959693144, 0.8958267409803236, 0.15767954420966201, 0.9161821076402584, 0.3684392853343509, -0.9663570654087974, 0.06638583408839473, 0.24848932203796104, 0.41975473314570877, 0.07801003619236391, 0.5754844835226783, 0 
0.19364393048199072, -0.3913407984525381, 0.8996412660911104, 0.1542843020217505, 0.9177354703225414, 0.36600267848955037, -0.9688644808935599, 0.06792632757917806, 0.2380916455578797, 0.4259662875966316, 0.07862713439057138, 0.5738944943281071, 0 
0.18392683224591652, -0.38738534488722803, 0.9033844779198867, 0.15087309756836936, 0.9192989844513509, 0.3634923460223615, -0.9712920409486057, 0.06944041872942798, 0.2275297770327523, 0.43224112059325825, 0.07922544431519646, 0.5722167232011481, 0 
0.1740544528661856, -0.38336039602295063, 0.9070500836219462, 0.1474486261313885, 0.920871521105337, 0.3609079443142105, -0.9736344026837891, 0.0709256538797473, 0.21680775247281053, 0.43857556366789313, 0.07980362296386329, 0.5704495145119421, 0 
0.16403043361817554, -0.3792672138927264, 0.9106318670643382, 0.14401361064080537, 0.9224519352739369, 0.358249224785717, -0.975886313459325, 0.0723796074555369, 0.20592983180527924, 0.4449658577567477, 0.08036034426289373, 0.5685913239664133, 0 
0.15385862951680435, -0.3751071554502933, 0.9141237028177316, 0.1405707971258973, 0.9240390676550606, 0.35551603682894, -0.9780426233649537, 0.07379988737901894, 0.19490049641866886, 0.45140815810057366, 0.0808943021660225, 0.5666407244299031, 0 
0.1435431072582815, -0.3708816723330881, 0.9175195700834123, 0.1371229500507389, 0.9256317465118936, 0.3527083305207352, -0.9800982975844923, 0.07518414046029588, 0.18372444610129174, 0.45789853942518377, 0.08140421374930334, 0.5645964115138985, 0 
0.13308814257950452, -0.36659231037314355, 0.9208135665160557, 0.13367284754389475, 0.9272287895852398, 0.34982615910448733, -0.9820484286094266, 0.07653005775231227, 0.1724065953674152, 0.4644330013947828, 0.08188882229337158, 0.5624572089049981, 0 
0.1224982170292418, -0.36224070885158344, 0.9239999219022473, 0.13022327653291846, 0.9288290060574326, 0.3468696812282578, -0.9838882482648564, 0.07783537985430834, 0.1609520691673385, 0.47100747432945245, 0.08234690034402703, 0.5602220734159203, 0 
0.11177801414793537, -0.35782859949351575, 0.927073011654235, 0.12677702779507358, 0.9304311985634786, 0.3438391629282156, -0.9856131395109297, 0.0790979021481472, 0.14936619798057071, 0.4776178251765857, 0.08277725274193552, 0.5578900997391171, 0 
0.10093241505572143, -0.3533578052012861, 0.9300273700780799, 0.1233368909364374, 0.9320341652447346, 0.3407349793471229, -0.9872186479828837, 0.08031547995175534, 0.1376545122942444, 0.4842598637245345, 0.08317871961212286, 0.5554605248844042, 0 
0.08996649345105667, -0.34883023852523254, 0.9328577033752525, 0.11990564931224046, 0.9336367018400846, 0.3375576161786001, -0.9887004932329765, 0.08148603357384875, 0.12582273647187392, 0.4909293490452482, 0.08355017930385439, 0.5529327322829845, 0 
0.07888551002514343, -0.34424789987227555, 0.9355589023367802, 0.11648607490193832, 0.9352376038092648, 0.33430767082890106, -0.9900545796379173, 0.08260755325412178, 0.11387678202054374, 0.49762199615123254, 0.08389055127145104, 0.5503062555412723, 0 
0.06769490630016561, -0.3396128754538883, 0.9381260546893224, 0.11308092315309345, 0.936835668482685, 0.33098585328899666, -0.9912770069359301, 0.08367810397315904, 0.10182274026759058, 0.5043334828507746, 0.0841987988866035, 0.5475807818290794, 0 
0.0564002979021474, -0.33492733497620103, 0.9405544570530133, 0.10969292780866743, 0.938429697231827, 0.3275929867108638, -0.9923640803582684, 0.08469583011648968, 0.0896668744607908, 0.5110594567840534, 0.08447393217279561, 0.5447561548879347, 0 
0.04500746728202121, -0.3301935290762038, 0.9428396264715755, 0.1063247957327744, 0.9400184976540544, 0.32413000768302586, -0.9933123203208755, 0.0856589599774405, 0.07741561130897096, 0.5177955426215051, 0.08471501045254753, 0.5418323776466227, 0 
0.03352235590122987, -0.3254137865092114, 0.9449773114760847, 0.10297920175033226, 0.9416008857654496, 0.32059796620157316, -0.9941184716429405, 0.08656581008376271, 0.06507553198281435, 0.524537349404644, 0.08492114489833763, 0.5388096144324054, 0 
0.02195105590084412, -0.320590511093938, 0.9469635026448304, 0.09965878351634974, 0.9431756881951131, 0.31699802533409627, -0.9947795122603197, 0.08741478933339947, 0.052653362598394704, 0.5312804780084661, 0.0850915009782533, 0.5356881927678395, 0 
0.010299801275803211, -0.3157261784226932, 0.9487944426229955, 0.09636613643082631, 0.9447417443741991, 0.3133314605752046, -0.9952926614032048, 0.08820440292523564, 0.040155964208674566, 0.5380205287035695, 0.08522530078766324, 0.5324686047446233, 0 
-0.0014250414216359086, -0.31082333234533865, 0.9504666355673332, 0.09310380861538525, 0.9462979087128485, 0.3095996588935449, -0.9956553872089762, 0.08893325607121771, 0.027590322330753425, 0.5447531087952604, 0.08532182525848955, 0.5291515079674656, 0 
-0.01321698282273287, -0.3058845812367461, 0.9519768559826884, 0.08987429596783081, 0.9478430527580844, 0.30580411747149844, -0.9958654137429166, 0.08960005747685501, 0.014963536039117153, 0.551473840316142, 0.085380416237991, 0.5257377260625964, 0 
-0.025069420898595207, -0.3009125940585464, 0.9533221569190374, 0.0866800373108105, 0.9493760673256922, 0.3019464421399915, -0.9959207274013357, 0.09020362257780529, 0.0022828066574466788, 0.558178367748027, 0.08540047842934492, 0.5222282487471887, 0 
-0.03697565150108245, -0.29591009622696607, 0.95449987749974, 0.0835234096506558, 0.9508958645990844, 0.2980283455121151, -0.9958195826736886, 0.0907428765210117, -0.010444573916306266, 0.5648623657484964, 0.08538148118673394, 0.5186242314576478, 0 
-0.04892887925533573, -0.29087986529949705, 0.9555076497538695, 0.08040672356230519, 0.9524013801881737, 0.2940516448204925, -0.9955605072424234, 0.091216856879682, -0.02321123521486501, 0.5715215468570074, 0.08532296015810341, 0.5149269945364354, 0 
-0.06092222876917425, -0.2858247264940323, 0.956343404727825, 0.07733221871593307, 0.953891575141336, 0.29001825946455884, -0.9951423064015856, 0.09162471609228978, -0.03600974049809014, 0.5781516691551922, 0.08522451876925236, 0.5111380219788068, 0 
-0.07294875612290369, -0.28074754805492247, 0.9570053778538921, 0.07430205956056984, 0.955365437903634, 0.285930208275123, -0.9945640667775902, 0.09196572361671865, -0.048832599300822344, 0.5847485438558297, 0.08508582954345445, 0.5072589597425684, 0 
-0.08500146060161573, -0.2756512364811599, 0.9574921135560333, 0.0713183311795623, 0.9568219862146067, 0.28178960650474183, -0.9938251593380771, 0.09223926779166577, -0.061672280190561424, 0.59130804279497, 0.08490663525137218, 0.5032916136256693, 0 
-0.09707329663074887, -0.2705387316325689, 0.9578024690758944, 0.06838303533221196, 0.9582602689390913, 0.2775986625535758, -0.992925241677334, 0.09244485739845912, -0.07452122369222386, 0.597826105801804, 0.08468674988662196, 0.4992379467181379, 0 
-0.10915718587459944, -0.26541300173047466, 0.9579356175048286, 0.06549808669534837, 0.959679367824746, 0.27335967444146625, -0.9918642595694166, 0.09258212291752044, -0.08737185533624853, 0.604298747921129, 0.08442605946297081, 0.4951000764365398, 0 
-0.12124602945657192, -0.26027703826983295, 0.9578910500106472, 0.06266530931792536, 0.9610783991801767, 0.26907502603801353, -0.9906424477828036, 0.09265081747482234, -0.10021659878554212, 0.6107220664636457, 0.08412452262979218, 0.4908802711507637, 0 
-0.1333327202592987, -0.2551338508602245, 0.9576685772507567, 0.05988643330100196, 0.9624565154678313, 0.2647471830633988, -0.9892603301531606, 0.09265081747482237, -0.11304788899624318, 0.6170922478598366, 0.08378217110307047, 0.48658094641452465, 0 
-0.14541015526228768, -0.24998646201344857, 0.9572683299663665, 0.057163091714672765, 0.9638129068061311, 0.2603786888736023, -0.9877187189135463, 0.09258212291752042, -0.12585818536697496, 0.6234055742938223, 0.08339910990992548, 0.4822046608124968, 0 
-0.15747124787453393, -0.24483790189569035, 0.9566907587554891, 0.05449681776265192, 0.9651468023756257, 0.2559721600445045, -0.9860187132841756, 0.09244485739845909, -0.13863998483120643, 0.6296584300943584, 0.08297551744531999, 0.4777541114384524, 0 
-0.16950894021951646, -0.239691203062379, 0.9559366330255191, 0.05188904220429952, 0.9664574717243211, 0.2515302817701155, -0.9841616973266014, 0.09223926779166583, -0.1513858348475196, 0.6358473078610292, 0.08251164534031145, 0.4732321290201642, 0 
-0.18151621533019546, -0.2345493951939139, 0.9550070391292262, 0.04934109104291817, 0.9677442259676998, 0.24705580309086433, -0.9821493370699268, 0.09196572361671858, -0.16408834624298202, 0.6419688143046841, 0.08200781814191165, 0.4686416727081386, 0 
-0.19348610921208337, -0.2294154998503764, 0.9539033776910384, 0.04685418348812731, 0.9690064188793639, 0.2425515319684699, -0.9799835769193433, 0.09162471609228977, -0.17674020586549244, 0.648019675782292, 0.08146443280531966, 0.4639858245464552, 0 
-0.2054117227330839, -0.22429252526322266, 0.952627360133475, 0.04442943019908019, 0.9702434478686461, 0.2380203302244303, -0.9776666353599328, 0.09121685687968205, -0.18933418900182775, 0.6539967435075865, 0.08088195799999089, 0.45926778364510756, 0 
-0.2172862332996705, -0.21918346118171034, 0.9511810044165343, 0.04206783181420093, 0.9714547548419834, 0.23346510835958773, -0.9752009999712332, 0.09074287652101169, -0.20186317151922284, 0.6598969984201908, 0.08026093323169087, 0.45449086007425543, 0 
-0.22910290628005198, -0.21409127379148965, 0.9495666300056944, 0.03977027777200354, 0.9726398269452976, 0.22888882027254942, -0.9725894217705493, 0.09020362257780529, -0.21432014168964492, 0.6657175556973075, 0.07960196778335915, 0.449658468501698, 0 
-0.2408551061362263, -0.2090189007223809, 0.9477868520869631, 0.037537545426432894, 0.9737981971851005, 0.2242944578949885, -0.9698349089053588, 0.08960005747685501, -0.22669821165743365, 0.6714556688935243, 0.07890573947826517, 0.44477412159567553, 0 
-0.2525363072283132, -0.203969246161851, 0.9458445750500731, 0.03537029945901393, 0.9749294449265227, 0.2196850457619777, -0.9669407197174327, 0.08893325607121771, -0.23899062851271924, 0.6771087336958418, 0.07817299326957575, 0.4398414232157707, 0 
-0.26414010425619217, -0.1989451760901238, 0.9437429852634656, 0.03326909158894642, 0.9760331962669468, 0.21506363553556407, -0.9639103552034153, 0.08820440292523563, -0.2511907849349342, 0.6826742912826202, 0.07740453966106782, 0.4348640614152429, 0 
-0.27566022230530635, -0.19394951365218846, 0.9414855431671105, 0.031234360581131215, 0.9771091242844258, 0.210433300499733, -0.96074755089861, 0.08741478933339947, -0.26329222937284036, 0.688150031276813, 0.07660125296430324, 0.42984580127854244, 0 
-0.28709052646547134, -0.18898503468123617, 0.939075974711477, 0.029266432550965116, 0.9781569491605496, 0.20579713004477473, -0.9574562682125582, 0.08656581008376273, -0.2752886757297211, 0.6935337942855331, 0.07576406939814129, 0.4247904776180682, 0 
-0.29842503099368234, -0.1840544633872334, 0.936518262173065, 0.02736552156360822, 0.9791764381779318, 0.201158224158822, -0.9540406852466888, 0.08565895997744045, -0.28717401252483105, 0.6988235740197473, 0.07489398503698132, 0.41970198755439364, 0 
-0.3096579079941596, -0.179160468223476, 0.9338166343788409, 0.02553173052431479, 0.9801674055929548, 0.19651968794400776, -0.950505187125833, 0.08469583011648961, -0.2989423115046854, 0.7040175189896194, 0.07399205361461805, 0.4145842830042471, 0 
-0.32078349559131086, -0.17430565794301398, 0.9309755563736744, 0.023765052355322003, 0.9811297123849172, 0.19188462617426807, -0.9468543558767464, 0.08367810397315903, -0.31058783568048653, 0.7091139337728115, 0.07305938419103356, 0.4094413631004447, 0 
-0.33179630557375206, -0.16949257785586022, 0.9279997185664363, 0.022065371453739824, 0.9820632658831826, 0.18725613791132695, -0.9430929598879518, 0.08260755325412174, -0.3221050467706917, 0.7141112798547905, 0.07209713868986023, 0.4042772665677844, 0 
-0.34269103049015326, -0.16472370629684427, 0.9248940253917894, 0.020432465423855295, 0.9829680192743977, 0.1826373111948113, -0.9392259429861911, 0.08148603357384877, -0.3334886120306086, 0.7190081760419564, 0.07110652931460905, 0.3990960640785837, 0 
-0.3534625501803544, -0.16000145131289195, 0.9216635835258811, 0.018866007076281943, 0.9838439709922949, 0.17803121782179168, -0.9352584131655798, 0.08031547995175525, -0.3447334104538187, 0.7238033984501476, 0.07008881585208068, 0.3939018506111024, 0 
-0.36410593772790845, -0.1553281475773996, 0.918313689695114, 0.017365566685455747, 0.9846911639930236, 0.1734409082303171, -0.9311956310061671, 0.07909790214814713, -0.35583453833318196, 0.7284958800727741, 0.06904530287164835, 0.38869873783354963, 0 
-0.3746164648230363, -0.15070605353821004, 0.9148498181179406, 0.015930614496080686, 0.985509684919369, 0.16886940650071453, -0.927042997819016, 0.07783537985430834, -0.36678731417221533, 0.7330847099345262, 0.06797733682933124, 0.38349084653569904, 0 
-0.3849896065277483, -0.146137348804543, 0.9112776076201967, 0.014560523468307773, 0.9862996631576062, 0.16431970548757016, -0.9228060435551657, 0.07653005775231231, -0.37758728294063254, 0.7375691318382215, 0.0668863030857642, 0.37828229912938816, 0 
-0.395221045437744, -0.1416241317770403, 0.9076028484648428, 0.01325457225064769, 0.9870612697911139, 0.15979476209440138, -0.9184904145158779, 0.07518414046029591, -0.388230219670877, 0.7419485427139304, 0.06577362284729941, 0.37307721223830753, 0 
-0.4053066752385238, -0.13716841752389175, 0.9038314689371494, 0.012011948368907455, 0.9877947164552134, 0.15529749270206286, -0.9141018609014406, 0.07379988737901888, -0.398712132395501, 0.7462224905810603, 0.06464075003957362, 0.3678796893965367, 0 
-0.41524260365595367, -0.13277213590481346, 0.8999695217263186, 0.01083175161878902, 0.988500254098023, 0.1508307687609287, -0.9096462242354957, 0.07237960745553697, -0.40902926442821774, 0.750390672135503, 0.06348916812291472, 0.36269381387425237, 0 
-0.42502515480430597, -0.12843712994346246, 0.8960231701443117, 0.009712997649203747, 0.989178171652416, 0.14639741255585817, -0.9051294247013753, 0.07092565387974722, -0.4191780959943971, 0.7544529299753574, 0.06232038685896568, 0.357523641647921, 0 
-0.43465087093751564, -0.124165154447693, 0.8919986742222434, 0.008654621722837708, 0.9898287946244352, 0.14200019315188395, -0.9005574484263033, 0.06944041872942808, -0.42915534521963955, 0.7584092494800182, 0.06113593903786303, 0.3523731945311274, 0 
-0.444116513612114, -0.11995787487588228, 0.8879023767240874, 0.007655482640046285, 0.9904524836037661, 0.13764182252745555, -0.895936334748496, 0.06792632757917799, -0.4389579684879148, 0.762259755358664, 0.059937377175215426, 0.3472464534809236, 0 
-0.45341906427281653, -0.11581686644644679, 0.8837406891167168, 0.006714366811782391, 0.9910496327020731, 0.13332495190099564, -0.8912721635012959, 0.06638583408839471, -0.4485831601833798, 0.7660047078852814, 0.05872627018801593, 0.3421473520933459, 0 
-0.46255572427435726, -0.11174361348651873, 0.8795200775343337, 0.005829992466936662, 0.991620667925202, 0.1290521682553681, -0.8865710423473464, 0.06482141458308271, -0.45802835183270896, 0.7696444988384343, 0.05750420005844707, 0.3370797703003702, 0 
-0.47152391435548346, -0.10773950901471774, 0.8752470487743162, 0.005001013979229474, 0.9921660454853939, 0.12482599106378073, -0.8818390941946621, 0.06323556264589617, -0.46729121066717555, 0.773179647164897, 0.05627275849434733, 0.3320475282792622, 0 
-0.48032127358339977, -0.10380585455188784, 0.8709281363602701, 0.004226026298609298, 0.9926862500597962, 0.12064886921949786, -0.8770824447250922, 0.061630783728363586, -0.4763696376261645, 0.7766107943871495, 0.05503354359487289, 0.32705438058387115, 0 
-0.4889456577891091, -0.09994386015269324, 0.8665698867067528, 0.003503569471996093, 0.9931817930016467, 0.11652317817065197, -0.8723072100642816, 0.060009589798743906, -0.48526176482601235, 0.7799386997754668, 0.05378815652962475, 0.32210401050602744, 0 
-0.4973951375161665, -0.09615464465001888, 0.8621788454186885, 0.002832133238162171, 0.9936532105105819, 0.1124512172603507, -0.8675194846207175, 0.05837449403842307, -0.49396595252017417, 0.7831642353059832, 0.05253819823922211, 0.31720002467381325, 0 
-0.5056679955072949, -0.09243923610323679, 0.8577615437569376, 0.0022101616815478065, 0.9941010617685663, 0.10843520727121198, -0.862725329119863, 0.05672800559916871, -0.5024807855786776, 0.786288380426677, 0.051285266164983745, 0.31234594789206116, 0 
-0.5137627237550916, -0.08879857244055872, 0.8533244852998585, 0.0016360579298835831, 0.994525927047951, 0.10447728817242485, -0.8579307588577296, 0.0550726244329493, -0.5108050695166091, 0.7893122166536599, 0.050030951015041236, 0.30754521822907177, 0 
-0.5216780201446929, -0.08523350228492987, 0.8488741328289833, 0.0011081888806176998, 0.99492840579817, 0.10057951706643384, -0.8531417321965431, 0.05341083620537154, -0.5189378261030166, 0.7922369220205109, 0.048776833573847184, 0.30280118235215814, 0 
-0.5294127847177613, -0.08174478595219836, 0.8444168954651576, 0.0006248899413253683, 0.9953091147175425, 0.09674386633137613, -0.848364139323408, 0.05174510730311804, -0.5268782885830866, 0.7950637654036627, 0.04752448156166747, 0.2981170911132993, 0 
-0.5369661155884574, -0.07833309660966098, 0.8399591160796966, 0.00018446976951419503, 0.9956686858165963, 0.0929722219544977, -0.8436037912911178, 0.05007787994507917, -0.5346258965477251, 0.7977941007469841, 0.046275446550256116, 0.2934960953848887, 0 
-0.544337304543253, -0.07499902158249411, 0.8355070590032465, -0.00021478500248517385, 0.9960077644792468, 0.0892663820508928, -0.8388664093584799, 0.04841156740616678, -0.5421802904858213, 0.8004293612087944, 0.045031260940513615, 0.2889412421443017, 0 
-0.5515258323574486, -0.07174306379506634, 0.8310668980531716, -0.0005746050715299544, 0.9963270075280699, 0.08562805556109218, -0.8341576146457187, 0.04674854936207917, -0.5495413060554282, 0.8029710532545126, 0.04379343500751616, 0.28445547080479217, 0 
-0.5585313638620537, -0.06856564333370785, 0.8266447048984401, -0.0008967338101949496, 0.9966270812997782, 0.08205886112029154, -0.8294829181187927, 0.0450911673625822, -0.5567089681108182, 0.8054207507180223, 0.04256345401790296, 0.2800416097891063, 0 
-0.5653537427954257, -0.06546709911710707, 0.8222464377790849, -0.0011829226690445727, 0.9969086597368846, 0.07856032609127611, -0.824847710914665, 0.043441720440141995, -0.5636834845230413, 0.8077800888546622, 0.041342775424181175, 0.2757023733410825, 0 
-0.5719929864745219, -0.0624476906602327, 0.8178779305954902, -0.0014349266474312783, 0.9971724225013688, 0.07513388575248969, -0.8202572550178839, 0.04180246086004466, -0.5704652398319905, 0.8100507584084572, 0.040132826140107256, 0.27144035856950965, 0 
-0.5784492803209937, -0.059507599917434206, 0.8135448823809238, -0.0016544998451414883, 0.9974190531159999, 0.07178088263211124, -0.8157166742971405, 0.04017559001743562, -0.5770547887682451, 0.8122344997158614, 0.03893499990088753, 0.26725804271756326, 0 
-0.584722972277523, -0.056646933190217685, 0.8092528471689687, -0.0018433911067204378, 0.9976492371387797, 0.06850256597849919, -0.8112309459088496, 0.03856325448602568, -0.5834528496830564, 0.8143330968678625, 0.0377506547115425, 0.2631577806502664, 0 
-0.5908145671498419, -0.05386572308510079, 0.8050072242657602, -0.0020033397697962196, 0.997863660375777, 0.06530009135692706, -0.8068048920732394, 0.03696754222254306, -0.5896602979247567, 0.8163483719518013, 0.03658111038637708, 0.2591418025516324, 0 
-0.5967247209097233, -0.05116393050693896, 0.8008132489352896, -0.0021360715281849574, 0.9980630071374053, 0.062174520362173386, -0.8024431722269432, 0.03539047893036981, -0.5956781591996131, 0.8182821793937015, 0.03542764618212775, 0.25521221182244824, 0 
-0.6024542349939694, -0.04854144667314897, 0.7966759835044038, -0.002243294420020081, 0.9982479585429905, 0.059126820436221444, -0.7981502755546579, 0.03383402458517021, -0.6015076029547706, 0.8201364004212955, 0.03429149852696878, 0.2513709831690213, 0 
-0.6080040506339686, -0.0459980951343848, 0.7926003088926314, -0.0023266949505779677, 0.9984191908782329, 0.05615786478011717, -0.7939305139011184, 0.0323000701247389, -0.6071499358203403, 0.8219129376672457, 0.03317385884721989, 0.24761996087269678, 0 
-0.6133752432498409, -0.04353363378738395, 0.7885909165704766, -0.0023879343589086055, 0.9985773740099428, 0.05326843234885523, -0.7897880150633434, 0.030790434304714898, -0.6126065951470252, 0.8236137099313507, 0.03207587149323547, 0.24396085722948324, 0 
-0.6185690169424576, -0.041147756865952734, 0.784652300948479, -0.0024286450367924095, 0.9987231698621815, 0.0504592079180962, -0.7857267164619817, 0.02930686072128566, -0.6178791426747922, 0.8252406471197412, 0.030998631765644033, 0.24039525114877958, 0 
-0.6235866991157393, -0.038840096896377685, 0.7807887521980685, -0.0024504271079647255, 0.9988572309576909, 0.047730782211512765, -0.7817503591895082, 0.027851015001509383, -0.6229692583671048, 0.8267956853782453, 0.029943184042793766, 0.2369245868999441, 0 
-0.6284297352607336, -0.03661022660387442, 0.777004349504002, -0.0024548451749598077, 0.9989801990282466, 0.04508365207757596, -0.7778624824320115, 0.026424482161395424, -0.6278787344441686, 0.8282807624362646, 0.028910520009959154, 0.23355017299521352, 0 
-0.6330996839317737, -0.03445766075714679, 0.7733029547471248, -0.0024434252403280343, 0.9990927036973077, 0.042518220704758275, -0.774066418260464, 0.02502876413147459, -0.6326094696473235, 0.8296978131765774, 0.02790157699060583, 0.23027318119743928, 0 
-0.6375982119438559, -0.03238185793857962, 0.7696882066151486, -0.002417651808399701, 0.9991953612380811, 0.04003479786428424, -0.7703652867865552, 0.02366527744917435, -0.6371634637654002, 0.8310487654455695, 0.026917236379742693, 0.22709464564105764, 0 
-0.6419270898190028, -0.030382222228122535, 0.7661635151382417, -0.0023789651731652706, 0.9992887734098503, 0.03763360016981848, -0.7667619916774766, 0.022335351116959723, -0.6415428124523503, 0.8323355361174134, 0.025958322179164328, 0.22401546205480133, 0 
-0.6460881875079528, -0.028458104789495675, 0.7627320566453718, -0.00232875889725781, 0.9993735263751616, 0.03531475134377818, -0.7632592160234208, 0.021040224624859022, -0.6457497023638871, 0.8335600274247306, 0.02502559963415943, 0.22103638707478712, 0 
